0.0018349471 0.011065867
0.005599258 0.10064593
0.0095572608 0.28768885
0.013718922 0.57994214
0.01809472 0.98072664
0.022695674  1.4850083
0.027533369  2.0762765
0.032619987  2.7254951
0.037968336  3.3937019
0.043591883  4.0376343
0.049504788    4.61709
0.05572194  5.1012231
0.062258995  5.4722554
0.069132413  5.7256683
 0.0763595  5.8678658
0.083958457  5.9123952
0.091948415  5.8762863
 0.1003495  5.7771278
0.10918285  5.6312662
0.11847073  5.4528075
0.12823651  5.2532596
0.13850478  5.0415369
0.14930141  4.8243311
0.16065358   4.606605
0.17258987  4.3919366
0.18514034  4.1827086
0.19833659   3.980306
0.21221185  3.7852842
0.22680106  3.5977101
0.24214095  3.4172648
0.25827016  3.2431602
0.27522929  3.0750042
0.29306105  2.9130159
0.31181034   2.756972
0.33152437  2.6064208
0.35225278  2.4610298
0.37404776  2.3206197
 0.3969642  2.1855573
0.42105981  2.0557529
0.44639524  1.9305025
0.47303431  1.8089418
0.50104409  1.6907706
 0.5304951  1.5763151
 0.5614615  1.4653775
0.59402128  1.3571596
0.62825641  1.2509869
0.66425311  1.1470468
0.70210201  1.0466272
0.74189841 0.95186813
0.78374253 0.86514622
0.82773973 0.78930223
 0.8740008 0.72636186
0.92264222 0.68137443
0.97378647 0.65661138
