0.0018349471  6.9649873
0.005599258  6.9547202
0.0095572608  6.9539636
0.013718922  6.9520277
0.01809472  6.9544774
0.022695674  6.9596836
0.027533369  6.9677411
0.032619987  6.9796944
0.037968336  6.9939831
0.043591883  7.0118183
0.049504788  7.0312564
0.05572194  7.0529406
0.062258995  7.0749529
0.069132413  7.0973454
 0.0763595  7.1183926
0.083958457  7.1377381
0.091948415  7.1539204
 0.1003495  7.1663459
0.10918285  7.1738155
0.11847073  7.1755868
0.12823651  7.1706641
0.13850478  7.1582056
0.14930141  7.1374195
0.16065358  7.1075055
0.17258987  7.0679864
0.18514034  7.0182678
0.19833659  6.9583098
0.21221185  6.8879115
0.22680106  6.8075781
0.24214095  6.7174784
0.25827016  6.6185587
0.27522929  6.5113399
0.29306105  6.3972296
0.31181034  6.2770027
0.33152437  6.1523046
0.35225278  6.0240066
0.37404776  5.8937878
 0.3969642  5.7621018
0.42105981  5.6303703
0.44639524  5.4990461
0.47303431  5.3698057
0.50104409  5.2431082
 0.5304951  5.1208716
 0.5614615  5.0031122
0.59402128  4.8913499
0.62825641  4.7856337
0.66425311  4.6879072
0.70210201  4.5980973
0.74189841    4.51774
0.78374253  4.4464408
0.82773973  4.3863823
 0.8740008  4.3377222
0.92264222  4.3039152
0.97378647  4.2855634
