0.0018349471 0.13407493
0.005599258 0.40951494
0.0095572608 0.69883887
0.013718922  1.0003335
0.01809472  1.3101243
0.022695674  1.6219763
0.027533369  1.9275745
0.032619987  2.2173542
0.037968336  2.4817776
0.043591883   2.712689
0.049504788  2.9044128
0.05572194  3.0542887
0.062258995  3.1626261
0.069132413  3.2321558
 0.0763595  3.2672435
0.083958457  3.2730578
0.091948415  3.2549013
 0.1003495  3.2177528
0.10918285  3.1660322
0.11847073  3.1034985
0.12823651  3.0332339
0.13850478  2.9576767
0.14930141  2.8787286
0.16065358   2.797898
0.17258987  2.7163727
0.18514034  2.6350278
0.19833659  2.5544587
0.21221185   2.475032
0.22680106  2.3969911
0.24214095  2.3204574
0.25827016  2.2453309
0.27522929  2.1716038
0.29306105  2.0995074
0.31181034   2.029118
0.33152437  1.9604112
0.35225278  1.8933672
0.37404776  1.8279391
 0.3969642   1.764333
0.42105981  1.7025847
0.44639524  1.6423485
0.47303431  1.5829678
0.50104409  1.5241951
 0.5304951  1.4662938
 0.5614615  1.4091055
0.59402128  1.3518388
0.62825641  1.2937228
0.66425311  1.2345708
0.70210201  1.1750708
0.74189841  1.1162641
0.78374253  1.0597081
0.82773973  1.0074613
 0.8740008 0.96160204
0.92264222 0.92720445
0.97378647 0.90764366
