0.0018349471 0.34504386
0.005599258    1.05019
0.0095572608  1.7877609
0.013718922  2.5569606
0.01809472  3.3552023
0.022695674  4.1776455
0.027533369   5.016955
0.032619987  5.8634393
0.037968336  6.7056675
0.043591883  7.5315042
0.049504788  8.3293626
0.05572194  9.0893745
0.062258995  9.8042242
0.069132413  10.469495
 0.0763595  11.083557
0.083958457  11.647106
0.091948415  12.162547
 0.1003495  12.633366
0.10918285  13.063589
0.11847073  13.457385
0.12823651    13.8188
0.13850478  14.151613
0.14930141  14.459278
0.16065358  14.744885
0.17258987  15.011121
0.18514034  15.260252
0.19833659  15.494164
0.21221185  15.714438
0.22680106  15.922424
0.24214095   16.11928
0.25827016  16.306033
0.27522929  16.483704
0.29306105  16.653306
0.31181034  16.815658
0.33152437  16.971357
0.35225278  17.120977
0.37404776  17.265129
 0.3969642  17.404383
0.42105981  17.539243
0.44639524  17.670099
0.47303431  17.797311
0.50104409  17.921104
 0.5304951  18.041402
 0.5614615  18.158201
0.59402128  18.271343
0.62825641  18.380146
0.66425311  18.483873
0.70210201  18.581585
0.74189841   18.67157
0.78374253   18.75214
0.82773973  18.821204
 0.8740008  18.876884
0.92264222  18.916549
0.97378647  18.938497
