0.0018349471 -1.3491073e-06
0.005599258 -0.00055973799
0.0095572608 -0.0030917465
0.013718922 -0.0092623629
0.01809472 -0.021210641
0.022695674 -0.040766065
0.027533369 -0.069752783
0.032619987 -0.10869481
0.037968336 -0.15745497
0.043591883 -0.21414184
0.049504788 -0.27637535
0.05572194 -0.34077891
0.062258995 -0.40442986
0.069132413 -0.46451364
 0.0763595 -0.51926918
0.083958457 -0.56747024
0.091948415 -0.60879354
 0.1003495 -0.64326579
0.10918285 -0.6713735
0.11847073 -0.69366975
0.12823651 -0.71084088
0.13850478 -0.72348336
0.14930141 -0.73218644
0.16065358 -0.73744465
0.17258987 -0.73972776
0.18514034 -0.73940056
0.19833659 -0.73676504
0.21221185 -0.73203071
0.22680106 -0.72537204
0.24214095 -0.71692642
0.25827016 -0.70678545
0.27522929 -0.69497337
0.29306105 -0.6815522
0.31181034 -0.66661694
0.33152437 -0.65021123
0.35225278 -0.63231091
0.37404776 -0.61291512
 0.3969642 -0.59199328
0.42105981 -0.56952651
0.44639524 -0.54548071
0.47303431 -0.51981783
0.50104409 -0.49254942
 0.5304951 -0.46368556
 0.5614615 -0.43317055
0.59402128 -0.40106941
0.62825641 -0.36733398
0.66425311 -0.33185072
0.70210201 -0.2945767
0.74189841 -0.25549204
0.78374253 -0.21437125
0.82773973 -0.17122202
 0.8740008 -0.12556216
0.92264222 -0.077560963
0.97378647 -0.026558057
