0.0018349471 0.0001715241
0.005599258 0.0030043366
0.0095572608 0.0092403582
0.013718922 0.018293096
0.01809472 0.030628339
0.022695674 0.045839027
0.027533369 0.064140737
0.032619987 0.085170105
0.037968336 0.10891424
0.043591883 0.13498883
0.049504788 0.16321067
0.05572194 0.19317377
0.062258995 0.22460483
0.069132413 0.25710655
 0.0763595 0.29037867
0.083958457  0.3240546
0.091948415 0.35784058
 0.1003495 0.39140927
0.10918285  0.4244885
0.11847073 0.45679062
0.12823651 0.48806865
0.13850478  0.5180707
0.14930141 0.54657847
0.16065358 0.57338046
0.17258987 0.59829693
0.18514034 0.62116069
0.19833659 0.64183426
0.21221185   0.660202
0.22680106   0.676188
0.24214095 0.68975056
0.25827016 0.70088587
0.27522929 0.70959723
0.29306105 0.71588912
0.31181034 0.71976329
0.33152437 0.72125415
0.35225278 0.72042397
0.37404776 0.71735643
 0.3969642 0.71211837
0.42105981 0.70479866
0.44639524 0.69549562
0.47303431  0.6843565
0.50104409 0.67152791
 0.5304951 0.65728459
 0.5614615 0.64187169
0.59402128 0.62554999
0.62825641 0.60853814
0.66425311 0.59115717
0.70210201 0.57359925
0.74189841 0.55629542
0.78374253 0.53951574
0.82773973  0.5240028
 0.8740008 0.51047831
0.92264222 0.50026916
0.97378647  0.4945589
