0.0018349471 0.064464081
0.005599258 0.18324943
0.0095572608 0.29481613
0.013718922 0.39860059
0.01809472 0.49405402
0.022695674  0.5806102
0.027533369 0.65794801
0.032619987 0.72600045
0.037968336 0.78506137
0.043591883 0.83568216
0.049504788 0.87859461
0.05572194 0.91457673
0.062258995  0.9443833
0.069132413 0.96871137
 0.0763595 0.98819636
0.083958457  1.0034299
0.091948415  1.0149582
 0.1003495  1.0232893
0.10918285  1.0288741
0.11847073  1.0321116
0.12823651  1.0333442
0.13850478  1.0328722
0.14930141  1.0309392
0.16065358  1.0277216
0.17258987  1.0233442
0.18514034  1.0179415
0.19833659  1.0116331
0.21221185  1.0044492
0.22680106 0.99630505
0.24214095 0.98704171
0.25827016 0.97650842
0.27522929 0.96468504
0.29306105 0.95163194
0.31181034 0.93731791
0.33152437  0.9216408
0.35225278 0.90454928
0.37404776   0.886159
 0.3969642  0.8666782
0.42105981 0.84615014
0.44639524 0.82461046
0.47303431 0.80234193
0.50104409 0.77937216
 0.5304951 0.75537375
 0.5614615 0.73019001
0.59402128  0.7039448
0.62825641    0.67671
0.66425311 0.64843011
0.70210201 0.61923088
0.74189841 0.59010686
0.78374253 0.56234679
0.82773973  0.5376311
 0.8740008 0.51716257
0.92264222  0.5027639
0.97378647  0.4947901
