0.0018349471 0.00060816498
0.005599258 0.0056445741
0.0095572608 0.016402654
0.013718922 0.03370546
0.01809472 0.058448008
0.022695674 0.091579738
0.027533369 0.13407341
0.032619987  0.1868769
0.037968336 0.25084585
0.043591883 0.32665772
0.049504788  0.4147126
0.05572194  0.5150312
0.062258995 0.62716534
0.069132413 0.75013806
 0.0763595 0.88242891
0.083958457  1.0220127
0.091948415  1.1664518
 0.1003495  1.3130306
0.10918285  1.4589179
0.11847073  1.6013344
0.12823651  1.7377087
0.13850478  1.8658042
0.14930141  1.9838052
0.16065358  2.0903591
0.17258987  2.1845757
0.18514034   2.265997
0.19833659  2.3345554
0.21221185  2.3905383
0.22680106  2.4345643
0.24214095  2.4675505
0.25827016  2.4906575
0.27522929  2.5052197
0.29306105  2.5126799
0.31181034  2.5145493
0.33152437  2.5124116
0.35225278  2.5079191
0.37404776  2.5026988
 0.3969642  2.4981591
0.42105981  2.4952951
0.44639524  2.4947011
0.47303431   2.496749
0.50104409  2.5016666
 0.5304951  2.5095776
 0.5614615  2.5205225
0.59402128  2.5342897
0.62825641  2.5503931
0.66425311  2.5683181
0.70210201  2.5872401
0.74189841  2.6055022
0.78374253  2.6213699
0.82773973  2.6342237
 0.8740008  2.6440207
0.92264222  2.6505921
0.97378647  2.6539233
