0.0018349471 0.061673241
0.005599258 0.06161886
0.0095572608 0.061577273
0.013718922 0.061552537
0.01809472 0.061542257
0.022695674 0.061547173
0.027533369 0.061569339
0.032619987 0.061610768
0.037968336 0.061673337
0.043591883 0.061758874
0.049504788 0.061869139
0.05572194 0.062005764
0.062258995 0.062170194
0.069132413 0.062363635
 0.0763595 0.062587023
0.083958457 0.062841001
0.091948415 0.063125905
 0.1003495 0.063441769
0.10918285 0.063788327
0.11847073 0.064165013
0.12823651 0.064570936
0.13850478 0.065004802
0.14930141 0.06546473
0.16065358 0.065947806
0.17258987 0.066449439
0.18514034 0.066962676
0.19833659 0.067477755
0.21221185 0.067982349
0.22680106 0.06846254
0.24214095 0.068904416
0.25827016 0.069295263
0.27522929 0.06962354
0.29306105 0.069877134
0.31181034 0.070041255
0.33152437 0.070096826
0.35225278 0.070022126
0.37404776 0.06979571
 0.3969642 0.069398906
0.42105981 0.068816806
0.44639524 0.068035242
0.47303431 0.06704183
0.50104409 0.065832567
 0.5304951 0.064419561
 0.5614615 0.062827831
0.59402128 0.061095213
0.62825641 0.059270631
0.66425311 0.057418926
0.70210201 0.055614276
0.74189841 0.053926243
0.78374253 0.052409582
0.82773973 0.051090582
 0.8740008 0.049990953
0.92264222 0.049166306
0.97378647 0.048707528
