0.0018349471 0.034284308
0.005599258 0.10460532
0.0095572608  0.1785208
0.013718922 0.25617243
0.01809472 0.33766588
0.022695674 0.42305273
0.027533369  0.5123085
0.032619987 0.60530768
0.037968336 0.70179791
0.043591883 0.80137682
0.049504788 0.90347589
0.05572194  1.0073561
0.062258995   1.112119
0.069132413  1.2167351
 0.0763595  1.3200868
0.083958457  1.4210234
0.091948415  1.5184191
 0.1003495  1.6112294
0.10918285  1.6985385
0.11847073   1.779595
0.12823651  1.8538342
0.13850478  1.9208851
0.14930141  1.9805647
0.16065358  2.0328599
0.17258987  2.0779024
0.18514034  2.1159409
0.19833659   2.147318
0.21221185  2.1724579
0.22680106  2.1918618
0.24214095  2.2061036
0.25827016  2.2158159
0.27522929  2.2216697
0.29306105  2.2243547
0.31181034  2.2245692
0.33152437  2.2230285
0.35225278  2.2204729
0.37404776  2.2176393
 0.3969642  2.2151788
0.42105981  2.2135599
0.44639524  2.2130609
0.47303431  2.2138514
0.50104409  2.2160382
 0.5304951   2.219679
 0.5614615  2.2247894
0.59402128  2.2312718
0.62825641  2.2388997
0.66425311  2.2474258
0.70210201  2.2564592
0.74189841   2.265239
0.78374253  2.2729656
0.82773973  2.2793085
 0.8740008  2.2841851
0.92264222  2.2874733
0.97378647   2.289138
