0.0018349471 0.051932928
0.005599258 0.15846384
0.0095572608 0.27044644
0.013718922 0.38812206
0.01809472 0.51172143
0.022695674 0.64145591
0.027533369 0.77750645
0.032619987 0.92001042
0.037968336  1.0690467
0.043591883    1.22462
0.049504788  1.3866453
0.05572194  1.5549354
0.062258995  1.7291913
0.069132413  1.9089999
 0.0763595  2.0938379
0.083958457  2.2830831
0.091948415  2.4760321
 0.1003495  2.6719226
0.10918285  2.8699571
0.11847073  3.0693261
0.12823651  3.2692284
0.13850478  3.4688859
0.14930141  3.6675537
0.16065358  3.8645239
0.17258987  4.0591257
0.18514034  4.2507244
0.19833659  4.4387218
0.21221185    4.62256
0.22680106  4.8017278
0.24214095  4.9757651
0.25827016  5.1442615
0.27522929  5.3068498
0.29306105   5.463204
0.31181034   5.613051
0.33152437  5.7561939
0.35225278  5.8925297
0.37404776  6.0220441
 0.3969642   6.144791
0.42105981  6.2608723
0.44639524  6.3704301
0.47303431  6.4736575
0.50104409  6.5707992
 0.5304951  6.6620972
 0.5614615  6.7476855
0.59402128  6.8275331
0.62825641  6.9015081
0.66425311  6.9694716
0.70210201  7.0312349
0.74189841  7.0864504
0.78374253  7.1346711
0.82773973  7.1753128
 0.8740008  7.2074521
0.92264222  7.2300071
0.97378647  7.2419447
