0.0018349471 -2.699624e-07
0.005599258 -5.4425677e-06
0.0095572608 -2.8595721e-05
0.013718922 -8.7149254e-05
0.01809472 -0.0002028747
0.022695674 -0.00040336138
0.027533369 -0.00072225484
0.032619987 -0.0011987256
0.037968336 -0.0018762775
0.043591883 -0.0028006043
0.049504788 -0.0040163851
0.05572194 -0.0055632083
0.062258995 -0.0074710826
0.069132413 -0.0097561984
 0.0763595 -0.012417691
0.083958457 -0.015436049
0.091948415 -0.018773568
 0.1003495 -0.022376797
0.10918285 -0.026180535
0.11847073 -0.030112644
0.12823651 -0.034099029
0.13850478 -0.038068162
0.14930141 -0.041954676
0.16065358 -0.045701541
0.17258987 -0.049260678
0.18514034 -0.052591901
0.19833659 -0.055660719
0.21221185 -0.058436646
0.22680106 -0.060892718
0.24214095 -0.063006587
0.25827016 -0.064762208
0.27522929 -0.066149527
0.29306105 -0.067161207
0.31181034 -0.067787891
0.33152437 -0.068017514
0.35225278 -0.067840515
0.37404776 -0.067255044
 0.3969642 -0.066267022
0.42105981 -0.064885124
0.44639524 -0.063117327
0.47303431 -0.060973923
0.50104409 -0.058472918
 0.5304951 -0.055638888
 0.5614615 -0.052498446
0.59402128 -0.049067275
0.62825641 -0.045338835
0.66425311 -0.041285359
0.70210201 -0.036892148
0.74189841 -0.032191292
0.78374253 -0.027187654
0.82773973 -0.021841304
 0.8740008 -0.016128298
0.92264222 -0.0099898905
0.97378647 -0.0034047494
