0.0018349471 5.1256865e-05
0.005599258 0.00029931951
0.0095572608 0.00085856216
0.013718922 0.0017268018
0.01809472 0.0029012062
0.022695674 0.004390286
0.027533369 0.0062032174
0.032619987 0.0083462284
0.037968336 0.010823044
0.043591883 0.013635349
0.049504788 0.016782821
0.05572194 0.020263135
0.062258995 0.024072072
0.069132413 0.028203705
 0.0763595 0.032650578
0.083958457 0.037403842
0.091948415 0.042453322
 0.1003495 0.047787474
0.10918285 0.053393171
0.11847073 0.059255291
0.12823651 0.065356116
0.13850478 0.07167454
0.14930141 0.078185122
0.16065358 0.084857274
0.17258987 0.09165498
0.18514034 0.098537266
0.19833659 0.10545902
0.21221185 0.11237234
0.22680106 0.11922785
0.24214095 0.12597539
0.25827016 0.13256487
0.27522929 0.13894721
0.29306105 0.14507478
0.31181034 0.15090023
0.33152437 0.15637497
0.35225278  0.1614502
0.37404776 0.16608019
 0.3969642 0.17022704
0.42105981 0.17386074
0.44639524 0.17695335
0.47303431 0.17948209
0.50104409 0.18144206
 0.5304951 0.18284829
 0.5614615 0.18372463
0.59402128 0.18409462
0.62825641 0.18399992
0.66425311 0.18351073
0.70210201 0.18271392
0.74189841 0.18171955
0.78374253 0.18068494
0.82773973 0.17971046
 0.8740008   0.178836
0.92264222 0.17814303
0.97378647 0.17777258
