0.0018349471 0.0063963676
0.005599258 0.018622178
0.0095572608 0.030576074
0.013718922 0.042232976
0.01809472 0.053566352
0.022695674 0.064549119
0.027533369 0.075155358
0.032619987 0.085362497
0.037968336 0.095153872
0.043591883 0.10452133
0.049504788 0.11346736
0.05572194 0.12200616
0.062258995 0.13016314
0.069132413  0.1379726
 0.0763595 0.14547373
0.083958457 0.15270553
0.091948415  0.1597015
 0.1003495 0.16648502
0.10918285 0.17306623
0.11847073 0.17944106
0.12823651 0.18559299
0.13850478   0.191498
0.14930141 0.19713227
0.16065358 0.20248023
0.17258987 0.20753916
0.18514034 0.21231754
0.19833659 0.21682795
0.21221185 0.22107869
0.22680106 0.22506712
0.24214095 0.22877505
0.25827016  0.2321668
0.27522929 0.23519546
0.29306105 0.23782193
0.31181034 0.24004088
0.33152437  0.2418977
0.35225278 0.24345868
0.37404776 0.24472633
 0.3969642 0.24560865
0.42105981 0.24599788
0.44639524 0.24586818
0.47303431 0.24524722
0.50104409 0.24410386
 0.5304951 0.24237725
 0.5614615 0.24000469
0.59402128 0.23688577
0.62825641 0.23293469
0.66425311  0.2281163
0.70210201 0.22245865
0.74189841 0.21604313
0.78374253 0.20909347
0.82773973 0.20224831
 0.8740008 0.19636126
0.92264222 0.19213282
0.97378647 0.18997503
