0.0018349471 0.0090315441
0.005599258 0.08298165
0.0095572608 0.23927679
0.013718922 0.48731382
0.01809472 0.83489574
0.022695674  1.2857029
0.027533369  1.8362876
0.032619987  2.4732939
0.037968336  3.1721525
0.043591883   3.898254
0.049504788  4.6109873
0.05572194  5.2696791
0.062258995   5.839763
0.069132413  6.2972747
 0.0763595  6.6307351
0.083958457   6.840378
0.091948415  6.9356148
 0.1003495   6.931692
0.10918285  6.8464913
0.11847073  6.6980132
0.12823651  6.5028459
0.13850478  6.2754492
0.14930141  6.0279294
0.16065358  5.7699203
0.17258987  5.5085337
0.18514034   5.248567
0.19833659  4.9930365
0.21221185  4.7438163
0.22680106  4.5021357
0.24214095  4.2686314
0.25827016  4.0434402
0.27522929  3.8268088
0.29306105  3.6193115
0.31181034  3.4213875
0.33152437  3.2326311
0.35225278    3.05187
0.37404776  2.8781041
 0.3969642  2.7115651
0.42105981  2.5526822
0.44639524  2.4002934
0.47303431  2.2532697
0.50104409   2.111574
 0.5304951  1.9749112
 0.5614615  1.8422804
0.59402128  1.7123423
0.62825641  1.5860949
0.66425311  1.4655708
0.70210201  1.3511947
0.74189841  1.2438191
0.78374253  1.1452567
0.82773973  1.0603664
 0.8740008  0.9935106
0.92264222 0.94738267
0.97378647 0.92148209
