0.0018349471   4.566575
0.005599258  4.5626632
0.0095572608  4.5617921
0.013718922  4.5615131
0.01809472  4.5631044
0.022695674  4.5661528
0.027533369  4.5709191
0.032619987  4.5775743
0.037968336  4.5859209
0.043591883  4.5962433
0.049504788  4.6081159
0.05572194  4.6217025
0.062258995  4.6364343
0.069132413  4.6522728
 0.0763595  4.6685568
0.083958457  4.6850493
0.091948415  4.7010358
 0.1003495  4.7161071
0.10918285  4.7295223
0.11847073  4.7407321
0.12823651  4.7490019
0.13850478  4.7536907
0.14930141  4.7541294
0.16065358  4.7496802
0.17258987  4.7398628
0.18514034  4.7241547
0.19833659  4.7022956
0.21221185  4.6738369
0.22680106  4.6387392
0.24214095  4.5967066
0.25827016  4.5479804
0.27522929   4.492377
0.29306105  4.4303878
0.31181034   4.362023
0.33152437   4.288307
0.35225278  4.2097963
0.37404776   4.127898
 0.3969642    4.04292
0.42105981  3.9561787
0.44639524  3.8679429
0.47303431  3.7795405
0.50104409  3.6909258
 0.5304951  3.6034997
 0.5614615  3.5177847
0.59402128  3.4355793
0.62825641  3.3569088
0.66425311   3.283206
0.70210201  3.2145994
0.74189841  3.1525497
0.78374253  3.0969059
0.82773973  3.0494759
 0.8740008  3.0107754
0.92264222  2.9832451
0.97378647   2.968227
