0.0018349471 0.12734536
0.005599258 0.38857141
0.0095572608 0.66298828
0.013718922 0.95009839
0.01809472  1.2481675
0.022695674  1.5538674
0.027533369  1.8620619
0.032619987  2.1658849
0.037968336  2.4572212
0.043591883  2.7275669
0.049504788  2.9690963
0.05572194  3.1756569
0.062258995  3.3434456
0.069132413  3.4712253
 0.0763595  3.5601137
0.083958457  3.6130725
0.091948415  3.6342746
 0.1003495   3.628479
0.10918285    3.60051
0.11847073  3.5548903
0.12823651  3.4956539
0.13850478  3.4262997
0.14930141  3.3498096
0.16065358  3.2686427
0.17258987  3.1846961
0.18514034  3.0993101
0.19833659  3.0133774
0.21221185  2.9275185
0.22680106   2.842227
0.24214095  2.7578583
0.25827016  2.6746093
0.27522929  2.5927036
0.29306105  2.5124998
0.31181034   2.434379
0.33152437  2.3584498
0.35225278  2.2844505
0.37404776  2.2120107
 0.3969642  2.1412573
0.42105981  2.0724831
0.44639524  2.0052101
0.47303431  1.9388882
0.50104409   1.873479
 0.5304951  1.8087831
 0.5614615  1.7441927
0.59402128  1.6788211
0.62825641  1.6131029
0.66425311  1.5480228
0.70210201  1.4837233
0.74189841  1.4206236
0.78374253  1.3599937
0.82773973  1.3053089
 0.8740008  1.2605572
0.92264222  1.2286526
0.97378647  1.2102656
