0.0018349471 0.34274611
0.005599258  1.0432415
0.0095572608  1.7764159
0.013718922  2.5425059
0.01809472  3.3407498
0.022695674  4.1690203
0.027533369  5.0234893
0.032619987  5.8984168
0.037968336  6.7861679
0.043591883  7.6775244
0.049504788  8.5622959
0.05572194   9.430139
0.062258995  10.271436
0.069132413  11.078051
 0.0763595  11.843839
0.083958457  12.564841
0.091948415  13.239196
 0.1003495  13.866851
0.10918285  14.449161
0.11847073  14.988462
0.12823651  15.487691
0.13850478  15.950068
0.14930141  16.378862
0.16065358  16.777229
0.17258987  17.148132
0.18514034   17.49433
0.19833659  17.818429
0.21221185  18.122914
0.22680106  18.410154
0.24214095  18.682369
0.25827016  18.941564
0.27522929  19.189479
0.29306105  19.427648
0.31181034  19.657409
0.33152437  19.879777
0.35225278  20.095403
0.37404776   20.30475
 0.3969642  20.508199
0.42105981  20.705839
0.44639524   20.89765
0.47303431  21.083791
0.50104409  21.264524
 0.5304951  21.439991
 0.5614615  21.610397
0.59402128   21.77589
0.62825641  21.935786
0.66425311  22.088231
0.70210201   22.23113
0.74189841  22.362877
0.78374253  22.481868
0.82773973  22.584858
 0.8740008  22.668116
0.92264222  22.728054
0.97378647  22.761431
