0.0018349471 -8.1044543e-06
0.005599258 -0.00028932329
0.0095572608 -0.0015855355
0.013718922 -0.0048437063
0.01809472 -0.011265802
0.022695674 -0.022193263
0.027533369 -0.039013397
0.032619987 -0.062839055
0.037968336 -0.094379857
0.043591883 -0.13356094
0.049504788 -0.17961939
0.05572194 -0.23094741
0.062258995 -0.28554756
0.069132413 -0.3410971
 0.0763595 -0.39550001
0.083958457 -0.44689396
0.091948415 -0.49399502
 0.1003495 -0.53592406
0.10918285 -0.57232831
0.11847073 -0.60313326
0.12823651 -0.62857134
0.13850478 -0.64897362
0.14930141 -0.66479443
0.16065358 -0.67647057
0.17258987 -0.68444168
0.18514034 -0.68905964
0.19833659 -0.69062898
0.21221185 -0.6893858
0.22680106 -0.68555174
0.24214095 -0.67931065
0.25827016 -0.67084928
0.27522929 -0.66031479
0.29306105 -0.64781631
0.31181034 -0.63347407
0.33152437 -0.6174537
0.35225278 -0.59987343
0.37404776 -0.58077471
 0.3969642 -0.56018483
0.42105981 -0.53819102
0.44639524 -0.51472679
0.47303431 -0.48975671
0.50104409 -0.46329043
 0.5304951 -0.43540664
 0.5614615 -0.40604686
0.59402128 -0.37525939
0.62825641 -0.34312559
0.66425311 -0.30965821
0.70210201 -0.27457885
0.74189841 -0.23770067
0.78374253 -0.19889877
0.82773973 -0.15833746
 0.8740008 -0.11575292
0.92264222 -0.071217717
0.97378647 -0.024309368
