0.0018349471 0.0002233786
0.005599258 0.0020273859
0.0095572608 0.0060229246
0.013718922 0.011959457
0.01809472 0.019919095
0.022695674 0.029821222
0.027533369  0.0416976
0.032619987 0.055445807
0.037968336 0.071036865
0.043591883 0.088335082
0.049504788 0.10725321
0.05572194 0.12762453
0.062258995 0.14931738
0.069132413 0.17214184
 0.0763595 0.19593266
0.083958457 0.22047912
0.091948415 0.24558688
 0.1003495 0.27102739
0.10918285 0.29658768
0.11847073  0.3220359
0.12823651 0.34716014
0.13850478 0.37174225
0.14930141 0.39558497
0.16065358 0.41849171
0.17258987 0.44028607
0.18514034 0.46079645
0.19833659 0.47986978
0.21221185 0.49736285
0.22680106 0.51315617
0.24214095 0.52714685
0.25827016 0.53924902
0.27522929 0.54937661
0.29306105 0.55746053
0.31181034 0.56346118
0.33152437 0.56738674
0.35225278 0.56927546
0.37404776  0.5691714
 0.3969642 0.56710221
0.42105981 0.56317114
0.44639524 0.55753334
0.47303431 0.55033326
0.50104409 0.54168649
 0.5304951 0.53181249
 0.5614615  0.5209445
0.59402128 0.50938305
0.62825641 0.49732334
0.66425311 0.48505536
0.70210201 0.47281922
0.74189841 0.46093471
0.78374253 0.44960017
0.82773973 0.43942844
 0.8740008 0.43085915
0.92264222 0.42464218
0.97378647 0.42131271
