0.0018349471 0.042967397
0.005599258 0.12235789
0.0095572608 0.19739261
0.013718922 0.26795087
0.01809472 0.33387495
0.022695674 0.39498425
0.027533369  0.4511785
0.032619987 0.50244997
0.037968336 0.54892863
0.043591883 0.59083301
0.049504788 0.62844149
0.05572194 0.66202218
0.062258995  0.6918104
0.069132413 0.71799133
 0.0763595 0.74072337
0.083958457 0.76016586
0.091948415 0.77650824
 0.1003495 0.78998002
0.10918285 0.80084087
0.11847073 0.80936658
0.12823651  0.8158281
0.13850478 0.82047331
0.14930141 0.82349689
0.16065358  0.8250334
0.17258987 0.82518269
0.18514034 0.82406162
0.19833659 0.82179974
0.21221185 0.81847289
0.22680106 0.81405628
0.24214095 0.80845318
0.25827016 0.80159572
0.27522929 0.79353065
0.29306105 0.78435033
0.31181034  0.7740061
0.33152437 0.76226567
0.35225278 0.74896696
0.37404776 0.73434369
 0.3969642 0.71870891
0.42105981 0.70215129
0.44639524 0.68474505
0.47303431  0.6666224
0.50104409  0.6479199
 0.5304951 0.62873014
 0.5614615 0.60907247
0.59402128 0.58887449
0.62825641  0.5681181
0.66425311 0.54725513
0.70210201 0.52668455
0.74189841 0.50695761
0.78374253 0.48866158
0.82773973 0.47307946
 0.8740008 0.46084403
0.92264222 0.45261156
0.97378647 0.44801438
