-9.990009990009990348e-01 1.306294715691377548e-02
-9.970029970029969935e-01 3.899747979527665859e-02
-9.950049950049950631e-01 6.468060689776318484e-02
-9.930069930069930217e-01 9.011342505706254613e-02
-9.910089910089910914e-01 1.152971375636436119e-01
-9.890109890109890500e-01 1.402329766490696406e-01
-9.870129870129870087e-01 1.649221828705400295e-01
-9.850149850149850783e-01 1.893659996988753813e-01
-9.830169830169830369e-01 2.135656717093526447e-01
-9.810189810189811066e-01 2.375224438499458635e-01
-9.790209790209790652e-01 2.612375610946243709e-01
-9.770229770229770239e-01 2.847122682538620331e-01
-9.750249750249750935e-01 3.079478098563768196e-01
-9.730269730269730521e-01 3.309454300658518644e-01
-9.710289710289710108e-01 3.537063726160366017e-01
-9.690309690309690804e-01 3.762318807560732226e-01
-9.670329670329670391e-01 3.985231972017808100e-01
-9.650349650349651087e-01 4.205815640905425368e-01
-9.630369630369630674e-01 4.424082229385080667e-01
-9.610389610389610260e-01 4.640044145992643365e-01
-9.590409590409590956e-01 4.853713792235365143e-01
-9.570429570429570543e-01 5.065103562196070497e-01
-9.550449550449551239e-01 5.274225842142215015e-01
-9.530469530469530826e-01 5.481093010139107546e-01
-9.510489510489510412e-01 5.685717435666092223e-01
-9.490509490509491108e-01 5.888111479234975354e-01
-9.470529470529470695e-01 6.088287492010936441e-01
-9.450549450549451391e-01 6.286257815434772578e-01
-9.430569430569430978e-01 6.482034780847082400e-01
-9.410589410589410564e-01 6.675630709113752337e-01
-9.390609390609391260e-01 6.867057910252996056e-01
-9.370629370629370847e-01 7.056328683063650686e-01
-9.350649350649351543e-01 7.243455314754740915e-01
-9.330669330669331130e-01 7.428450080576640691e-01
-9.310689310689310716e-01 7.611325243453020972e-01
-9.290709290709291412e-01 7.792093053614617126e-01
-9.270729270729270999e-01 7.970765748234075465e-01
-9.250749250749250585e-01 8.147355551062094303e-01
-9.230769230769231282e-01 8.321874672064938361e-01
-9.210789210789210868e-01 8.494335307063506368e-01
-9.190809190809191564e-01 8.664749637373544422e-01
-9.170829170829171151e-01 8.833129829447460279e-01
-9.150849150849150737e-01 8.999488034517346691e-01
-9.130869130869131434e-01 9.163836388239845476e-01
-9.110889110889111020e-01 9.326187010342165129e-01
-9.090909090909091717e-01 9.486552004269932503e-01
-9.070929070929071303e-01 9.644943456836215789e-01
-9.050949050949050889e-01 9.801373437872622496e-01
-9.030969030969031586e-01 9.955853999881526528e-01
-9.010989010989011172e-01 1.010839717769046686e+00
-8.991008991008990758e-01 1.025901498810753987e+00
-8.971028971028971455e-01 1.040771942957923413e+00
-8.951048951048951041e-01 1.055452248184961750e+00
-8.931068931068931738e-01 1.069943610562100522e+00
-8.911088911088911324e-01 1.084247224221720929e+00
-8.891108891108892021e-01 1.098364281324775149e+00
-8.871128871128871607e-01 1.112295972027464774e+00
-8.851148851148851193e-01 1.126043484448031817e+00
-8.831168831168831890e-01 1.139608004633826610e+00
-8.811188811188811476e-01 1.152990716528481618e+00
-8.791208791208791062e-01 1.166192801939366142e+00
-8.771228771228771759e-01 1.179215440505168910e+00
-8.751248751248751345e-01 1.192059809663710945e+00
-8.731268731268730932e-01 1.204727084619970690e+00
-8.711288711288711628e-01 1.217218438314310092e+00
-8.691308691308692325e-01 1.229535041390891204e+00
-8.671328671328671911e-01 1.241678062166323482e+00
-8.651348651348651497e-01 1.253648666598534023e+00
-8.631368631368632194e-01 1.265448018255822982e+00
-8.611388611388611780e-01 1.277077278286171458e+00
-8.591408591408591366e-01 1.288537605386734786e+00
-8.571428571428572063e-01 1.299830155773616935e+00
-8.551448551448551649e-01 1.310956083151778584e+00
-8.531468531468531236e-01 1.321916538685289355e+00
-8.511488511488511932e-01 1.332712670967706847e+00
-8.491508491508491518e-01 1.343345625992752312e+00
-8.471528471528472215e-01 1.353816547125187286e+00
-8.451548451548451801e-01 1.364126575071961778e+00
-8.431568431568432498e-01 1.374276847853553196e+00
-8.411588411588412084e-01 1.384268500775602151e+00
-8.391608391608391671e-01 1.394102666400744983e+00
-8.371628371628372367e-01 1.403780474520711863e+00
-8.351648351648351953e-01 1.413303052128674908e+00
-8.331668331668331540e-01 1.422671523391850545e+00
-8.311688311688312236e-01 1.431887009624320362e+00
-8.291708291708291823e-01 1.440950629260139060e+00
-8.271728271728271409e-01 1.449863497826714864e+00
-8.251748251748252105e-01 1.458626727918339139e+00
-8.231768231768232802e-01 1.467241429170148770e+00
-8.211788211788212388e-01 1.475708708232184918e+00
-8.191808191808191975e-01 1.484029668743800601e+00
-8.171828171828172671e-01 1.492205411308315632e+00
-8.151848151848152257e-01 1.500237033467917813e+00
-8.131868131868131844e-01 1.508125629678866098e+00
-8.111888111888112540e-01 1.515872291286908258e+00
-8.091908091908092127e-01 1.523478106503028062e+00
-8.071928071928071713e-01 1.530944160379406283e+00
-8.051948051948052409e-01 1.538271534785698558e+00
-8.031968031968031996e-01 1.545461308385571275e+00
-8.011988011988012692e-01 1.552514556613477925e+00
-7.992007992007992279e-01 1.559432351651766302e+00
-7.972027972027972975e-01 1.566215762408045276e+00
-7.952047952047952561e-01 1.572865854492794702e+00
-7.932067932067932148e-01 1.579383690197299961e+00
-7.912087912087912844e-01 1.585770328471836743e+00
-7.892107892107892431e-01 1.592026824904149818e+00
-7.872127872127872017e-01 1.598154231698220684e+00
-7.852147852147852714e-01 1.604153597653294572e+00
-7.832167832167832300e-01 1.610025968143210306e+00
-7.812187812187811886e-01 1.615772385096025499e+00
-7.792207792207792583e-01 1.621393886973875098e+00
-7.772227772227772169e-01 1.626891508753194771e+00
-7.752247752247752866e-01 1.632266281905168981e+00
-7.732267732267732452e-01 1.637519234376474841e+00
-7.712287712287713148e-01 1.642651390570343484e+00
-7.692307692307692735e-01 1.647663771327906757e+00
-7.672327672327672321e-01 1.652557393909783290e+00
-7.652347652347653018e-01 1.657333271978024714e+00
-7.632367632367632604e-01 1.661992415578299687e+00
-7.612387612387612190e-01 1.666535831122388567e+00
-7.592407592407592887e-01 1.670964521370998934e+00
-7.572427572427572473e-01 1.675279485416793390e+00
-7.552447552447553170e-01 1.679481718667808376e+00
-7.532467532467532756e-01 1.683572212831071058e+00
-7.512487512487513452e-01 1.687551955896603006e+00
-7.492507492507493039e-01 1.691421932121629945e+00
-7.472527472527472625e-01 1.695183122015129662e+00
-7.452547452547453322e-01 1.698836502322687014e+00
-7.432567432567432908e-01 1.702383046011600509e+00
-7.412587412587412494e-01 1.705823722256307295e+00
-7.392607392607393191e-01 1.709159496424102365e+00
-7.372627372627372777e-01 1.712391330061135752e+00
-7.352647352647352363e-01 1.715520180878740142e+00
-7.332667332667333060e-01 1.718547002739982732e+00
-7.312687312687313756e-01 1.721472745646594582e+00
-7.292707292707292233e-01 1.724298355726121557e+00
-7.272727272727272929e-01 1.727024775219413000e+00
-7.252747252747253626e-01 1.729652942468383303e+00
-7.232767232767233212e-01 1.732183791904061465e+00
-7.212787212787212798e-01 1.734618254034965501e+00
-7.192807192807193495e-01 1.736957255435704228e+00
-7.172827172827173081e-01 1.739201718735950530e+00
-7.152847152847152667e-01 1.741352562609636667e+00
-7.132867132867133364e-01 1.743410701764490423e+00
-7.112887112887112950e-01 1.745377046931806619e+00
-7.092907092907092537e-01 1.747252504856574573e+00
-7.072927072927073233e-01 1.749037978287848905e+00
-7.052947052947053930e-01 1.750734365969394801e+00
-7.032967032967033516e-01 1.752342562630692102e+00
-7.012987012987013102e-01 1.753863458978139223e+00
-6.993006993006993799e-01 1.755297941686609020e+00
-6.973026973026973385e-01 1.756646893391248687e+00
-6.953046953046952972e-01 1.757911192679582957e+00
-6.933066933066933668e-01 1.759091714083920621e+00
-6.913086913086913254e-01 1.760189328073998416e+00
-6.893106893106892841e-01 1.761204901049936433e+00
-6.873126873126873537e-01 1.762139295335487077e+00
-6.853146853146854234e-01 1.762993369171519165e+00
-6.833166833166832710e-01 1.763767976709850638e+00
-6.813186813186813406e-01 1.764463968007271122e+00
-6.793206793206794103e-01 1.765082189019937742e+00
-6.773226773226773689e-01 1.765623481597972777e+00
-6.753246753246753276e-01 1.766088683480374399e+00
-6.733266733266733972e-01 1.766478628290192088e+00
-6.713286713286713558e-01 1.766794145529974491e+00
-6.693306693306693145e-01 1.767036060577487078e+00
-6.673326673326673841e-01 1.767205194681736868e+00
-6.653346653346653428e-01 1.767302364959179251e+00
-6.633366633366633014e-01 1.767328384390299156e+00
-6.613386613386613710e-01 1.767284061816392970e+00
-6.593406593406594407e-01 1.767170201936633545e+00
-6.573426573426573993e-01 1.766987605305402109e+00
-6.553446553446553580e-01 1.766737068329882421e+00
-6.533466533466534276e-01 1.766419383267931131e+00
-6.513486513486513863e-01 1.766035338226163542e+00
-6.493506493506493449e-01 1.765585717158376644e+00
-6.473526473526474145e-01 1.765071299864152010e+00
-6.453546453546453732e-01 1.764492861987751571e+00
-6.433566433566433318e-01 1.763851175017279393e+00
-6.413586413586414015e-01 1.763147006284095708e+00
-6.393606393606394711e-01 1.762381118962417448e+00
-6.373626373626373187e-01 1.761554272069295157e+00
-6.353646353646353884e-01 1.760667220464718019e+00
-6.333666333666334580e-01 1.759720714852030410e+00
-6.313686313686314167e-01 1.758715501778587376e+00
-6.293706293706293753e-01 1.757652323636645475e+00
-6.273726273726274449e-01 1.756531918664498315e+00
-6.253746253746254036e-01 1.755355020947847677e+00
-6.233766233766233622e-01 1.754122360421436433e+00
-6.213786213786214319e-01 1.752834662870889071e+00
-6.193806193806193905e-01 1.751492649934817125e+00
-6.173826173826173491e-01 1.750097039107137764e+00
-6.153846153846154188e-01 1.748648543739633965e+00
-6.133866133866134884e-01 1.747147873044752497e+00
-6.113886113886114471e-01 1.745595732098614628e+00
-6.093906093906094057e-01 1.743992821844276619e+00
-6.073926073926074753e-01 1.742339839095189413e+00
-6.053946053946054340e-01 1.740637476538912098e+00
-6.033966033966033926e-01 1.738886422741019455e+00
-6.013986013986014623e-01 1.737087362149244862e+00
-5.994005994005994209e-01 1.735240975097850580e+00
-5.974025974025973795e-01 1.733347937812190764e+00
-5.954045954045954492e-01 1.731408922413526730e+00
-5.934065934065935188e-01 1.729424596923984092e+00
-5.914085914085913664e-01 1.727395625271824109e+00
-5.894105894105894361e-01 1.725322667296840473e+00
-5.874125874125875058e-01 1.723206378755960611e+00
-5.854145854145854644e-01 1.721047411329162058e+00
-5.834165834165834230e-01 1.718846412625429254e+00
-5.814185814185814927e-01 1.716604026189053611e+00
-5.794205794205794513e-01 1.714320891506046829e+00
-5.774225774225774099e-01 1.711997644010785802e+00
-5.754245754245754796e-01 1.709634915092864249e+00
-5.734265734265734382e-01 1.707233332104089341e+00
-5.714285714285713969e-01 1.704793518365733895e+00
-5.694305694305694665e-01 1.702316093175914480e+00
-5.674325674325675362e-01 1.699801671817227078e+00
-5.654345654345654948e-01 1.697250865564492228e+00
-5.634365634365634534e-01 1.694664281692749519e+00
-5.614385614385615231e-01 1.692042523485384864e+00
-5.594405594405594817e-01 1.689386190242475161e+00
-5.574425574425574403e-01 1.686695877289274836e+00
-5.554445554445555100e-01 1.683972175984921993e+00
-5.534465534465534686e-01 1.681215673731269344e+00
-5.514485514485514273e-01 1.678426953981920766e+00
-5.494505494505494969e-01 1.675606596251405289e+00
-5.474525474525475666e-01 1.672755176124573362e+00
-5.454545454545454142e-01 1.669873265266097695e+00
-5.434565434565434838e-01 1.666961431430178608e+00
-5.414585414585415535e-01 1.664020238470360846e+00
-5.394605394605395121e-01 1.661050246349593529e+00
-5.374625374625374707e-01 1.658052011150350946e+00
-5.354645354645355404e-01 1.655026085084989163e+00
-5.334665334665334990e-01 1.651973016506179670e+00
-5.314685314685314577e-01 1.648893349917573969e+00
-5.294705294705295273e-01 1.645787625984551639e+00
-5.274725274725274859e-01 1.642656381545138489e+00
-5.254745254745254446e-01 1.639500149621084590e+00
-5.234765234765235142e-01 1.636319459429041556e+00
-5.214785214785215839e-01 1.633114836391942104e+00
-5.194805194805195425e-01 1.629886802150462444e+00
-5.174825174825175012e-01 1.626635874574621887e+00
-5.154845154845155708e-01 1.623362567775593401e+00
-5.134865134865135294e-01 1.620067392117515492e+00
-5.114885114885114881e-01 1.616750854229557444e+00
-5.094905094905095577e-01 1.613413457018045838e+00
-5.074925074925075164e-01 1.610055699678717867e+00
-5.054945054945054750e-01 1.606678077709118524e+00
-5.034965034965035446e-01 1.603281082921129252e+00
-5.014985014985016143e-01 1.599865203453574081e+00
-4.995004995004995174e-01 1.596430923784960321e+00
-4.975024975024975316e-01 1.592978724746380026e+00
-4.955044955044954902e-01 1.589509083534433209e+00
-4.935064935064935598e-01 1.586022473724358672e+00
-4.915084915084915185e-01 1.582519365283192370e+00
-4.895104895104895881e-01 1.579000224583100298e+00
-4.875124875124875468e-01 1.575465514414750023e+00
-4.855144855144855054e-01 1.571915694000851627e+00
-4.835164835164835750e-01 1.568351219009739062e+00
-4.815184815184815337e-01 1.564772541569094733e+00
-4.795204795204796033e-01 1.561180110279749567e+00
-4.775224775224775620e-01 1.557574370229565019e+00
-4.755244755244755206e-01 1.553955763007457413e+00
-4.735264735264735902e-01 1.550324726717436707e+00
-4.715284715284715489e-01 1.546681695992810912e+00
-4.695304695304696185e-01 1.543027102010420260e+00
-4.675324675324675772e-01 1.539361372504975067e+00
-4.655344655344655358e-01 1.535684931783500184e+00
-4.635364635364636055e-01 1.531998200739806970e+00
-4.615384615384615641e-01 1.528301596869103829e+00
-4.595404595404595227e-01 1.524595534282618958e+00
-4.575424575424575924e-01 1.520880423722359875e+00
-4.555444555444555510e-01 1.517156672575906695e+00
-4.535464535464536207e-01 1.513424684891284677e+00
-4.515484515484515793e-01 1.509684861391906940e+00
-4.495504495504495379e-01 1.505937599491581347e+00
-4.475524475524476076e-01 1.502183293309581558e+00
-4.455544455544455662e-01 1.498422333685811347e+00
-4.435564435564436359e-01 1.494655108195949156e+00
-4.415584415584415945e-01 1.490882001166751403e+00
-4.395604395604395531e-01 1.487103393691339370e+00
-4.375624375624376228e-01 1.483319663644575570e+00
-4.355644355644355814e-01 1.479531185698478302e+00
-4.335664335664336511e-01 1.475738331337710596e+00
-4.315684315684316097e-01 1.471941468875081815e+00
-4.295704295704295683e-01 1.468140963467125415e+00
-4.275724275724276380e-01 1.464337177129715561e+00
-4.255744255744255966e-01 1.460530468753722833e+00
-4.235764235764235552e-01 1.456721194120717655e+00
-4.215784215784216249e-01 1.452909705918710381e+00
-4.195804195804195835e-01 1.449096353757926003e+00
-4.175824175824176532e-01 1.445281484186640375e+00
-4.155844155844156118e-01 1.441465440706987122e+00
-4.135864135864135704e-01 1.437648563790901557e+00
-4.115884115884116401e-01 1.433831190895985097e+00
-4.095904095904095987e-01 1.430013656481483375e+00
-4.075924075924076684e-01 1.426196292024227930e+00
-4.055944055944056270e-01 1.422379426034673378e+00
-4.035964035964035856e-01 1.418563384072888400e+00
-4.015984015984016553e-01 1.414748488764608236e+00
-3.996003996003996139e-01 1.410935059817324033e+00
-3.976023976023976836e-01 1.407123414036334008e+00
-3.956043956043956422e-01 1.403313865340866773e+00
-3.936063936063936008e-01 1.399506724780200440e+00
-3.916083916083916705e-01 1.395702300549787278e+00
-3.896103896103896291e-01 1.391900898007413234e+00
-3.876123876123876988e-01 1.388102819689344347e+00
-3.856143856143856574e-01 1.384308365326488488e+00
-3.836163836163836161e-01 1.380517831860568867e+00
-3.816183816183816857e-01 1.376731513460333289e+00
-3.796203796203796443e-01 1.372949701537692802e+00
-3.776223776223776030e-01 1.369172684763945602e+00
-3.756243756243756726e-01 1.365400749085941445e+00
-3.736263736263736313e-01 1.361634177742263585e+00
-3.716283716283717009e-01 1.357873251279468008e+00
-3.696303696303696595e-01 1.354118247568189881e+00
-3.676323676323676182e-01 1.350369441819383232e+00
-3.656343656343656878e-01 1.346627106600452484e+00
-3.636363636363636465e-01 1.342891511851455055e+00
-3.616383616383617161e-01 1.339162924901180718e+00
-3.596403596403596747e-01 1.335441610483408370e+00
-3.576423576423576334e-01 1.331727830752941433e+00
-3.556443556443557030e-01 1.328021845301756931e+00
-3.536463536463536617e-01 1.324323911175111723e+00
-3.516483516483517313e-01 1.320634282887624078e+00
-3.496503496503496899e-01 1.316953212439336163e+00
-3.476523476523476486e-01 1.313280949331776526e+00
-3.456543456543457182e-01 1.309617740583958190e+00
-3.436563436563436769e-01 1.305963830748408272e+00
-3.416583416583417465e-01 1.302319461927138100e+00
-3.396603396603397051e-01 1.298684873787595784e+00
-3.376623376623376638e-01 1.295060303578606575e+00
-3.356643356643357334e-01 1.291445986146256164e+00
-3.336663336663336921e-01 1.287842153949773749e+00
-3.316683316683316507e-01 1.284249037077380029e+00
-3.296703296703297204e-01 1.280666863262083233e+00
-3.276723276723276790e-01 1.277095857897458719e+00
-3.256743256743257486e-01 1.273536244053402600e+00
-3.236763236763237073e-01 1.269988242491821628e+00
-3.216783216783216659e-01 1.266452071682319547e+00
-3.196803196803197356e-01 1.262927947817820584e+00
-3.176823176823176942e-01 1.259416084830158766e+00
-3.156843156843157638e-01 1.255916694405639689e+00
-3.136863136863137225e-01 1.252429986000547002e+00
-3.116883116883116811e-01 1.248956166856609151e+00
-3.096903096903097508e-01 1.245495442016423926e+00
-3.076923076923077094e-01 1.242048014338833273e+00
-3.056943056943057790e-01 1.238614084514257474e+00
-3.036963036963037377e-01 1.235193851079984473e+00
-3.016983016983016963e-01 1.231787510435397248e+00
-2.997002997002997660e-01 1.228395256857166773e+00
-2.977022977022977246e-01 1.225017282514381023e+00
-2.957042957042957942e-01 1.221653777483625358e+00
-2.937062937062937529e-01 1.218304929764014721e+00
-2.917082917082917115e-01 1.214970925292176984e+00
-2.897102897102897812e-01 1.211651947957167907e+00
-2.877122877122877398e-01 1.208348179615311269e+00
-2.857142857142856984e-01 1.205059800105049206e+00
-2.837162837162837681e-01 1.201786987261639350e+00
-2.817182817182817267e-01 1.198529916931899031e+00
-2.797202797202797964e-01 1.195288762988770070e+00
-2.777222777222777550e-01 1.192063697345941753e+00
-2.757242757242757136e-01 1.188854889972299933e+00
-2.737262737262737833e-01 1.185662508906420554e+00
-2.717282717282717419e-01 1.182486720270908842e+00
-2.697302697302698116e-01 1.179327688286703868e+00
-2.677322677322677702e-01 1.176185575287352236e+00
-2.657342657342657288e-01 1.173060541733162765e+00
-2.637362637362637985e-01 1.169952746225319196e+00
-2.617382617382617571e-01 1.166862345519902977e+00
-2.597402597402598268e-01 1.163789494541896730e+00
-2.577422577422577854e-01 1.160734346399038941e+00
-2.557442557442557440e-01 1.157697052395684212e+00
-2.537462537462538137e-01 1.154677762046520506e+00
-2.517482517482517723e-01 1.151676623090297058e+00
-2.497502497502497310e-01 1.148693781503362210e+00
-2.477522477522478006e-01 1.145729381513260092e+00
-2.457542457542457592e-01 1.142783565612124574e+00
-2.437562437562438289e-01 1.139856474570099421e+00
-2.417582417582417875e-01 1.136948247448598126e+00
-2.397602397602397462e-01 1.134059021613559315e+00
-2.377622377622378158e-01 1.131188932748549814e+00
-2.357642357642357744e-01 1.128338114867851738e+00
-2.337662337662338441e-01 1.125506700329426124e+00
-2.317682317682318027e-01 1.122694819847811276e+00
-2.297702297702297614e-01 1.119902602506937850e+00
-2.277722277722278310e-01 1.117130175772854894e+00
-2.257742257742257896e-01 1.114377665506378845e+00
-2.237762237762238593e-01 1.111645195975655032e+00
-2.217782217782218179e-01 1.108932889868638583e+00
-2.197802197802197766e-01 1.106240868305466973e+00
-2.177822177822178462e-01 1.103569250850784167e+00
-2.157842157842158048e-01 1.100918155525936415e+00
-2.137862137862138745e-01 1.098287698821119429e+00
-2.117882117882118331e-01 1.095677995707383667e+00
-2.097902097902097918e-01 1.093089159648621633e+00
-2.077922077922078614e-01 1.090521302613400190e+00
-2.057942057942058200e-01 1.087974535086723371e+00
-2.037962037962037787e-01 1.085448966081736799e+00
-2.017982017982018483e-01 1.082944703151279331e+00
-1.998001998001998070e-01 1.080461852399381417e+00
-1.978021978021978766e-01 1.078000518492675530e+00
-1.958041958041958353e-01 1.075560804671681581e+00
-1.938061938061937939e-01 1.073142812762024834e+00
-1.918081918081918635e-01 1.070746643185545022e+00
-1.898101898101898222e-01 1.068372394971310646e+00
-1.878121878121878918e-01 1.066020165766555561e+00
-1.858141858141858505e-01 1.063690051847463680e+00
-1.838161838161838091e-01 1.061382148129950131e+00
-1.818181818181818787e-01 1.059096548180235686e+00
-1.798201798201798374e-01 1.056833344225415861e+00
-1.778221778221779070e-01 1.054592627163873253e+00
-1.758241758241758657e-01 1.052374486575599288e+00
-1.738261738261738243e-01 1.050179010732447349e+00
-1.718281718281718939e-01 1.048006286608247795e+00
-1.698301698301698526e-01 1.045856399888840604e+00
-1.678321678321678112e-01 1.043729434982001880e+00
-1.658341658341658809e-01 1.041625475027259773e+00
-1.638361638361638395e-01 1.039544601905646681e+00
-1.618381618381619091e-01 1.037486896249272927e+00
-1.598401598401598678e-01 1.035452437450880891e+00
-1.578421578421578264e-01 1.033441303673241718e+00
-1.558441558441558961e-01 1.031453571858454099e+00
-1.538461538461538547e-01 1.029489317737170007e+00
-1.518481518481519243e-01 1.027548615837668100e+00
-1.498501498501498830e-01 1.025631539494858524e+00
-1.478521478521478416e-01 1.023738160859163582e+00
-1.458541458541459113e-01 1.021868550905296047e+00
-1.438561438561438699e-01 1.020022779440931782e+00
-1.418581418581419396e-01 1.018200915115277994e+00
-1.398601398601398982e-01 1.016403025427520257e+00
-1.378621378621378568e-01 1.014629176735182714e+00
-1.358641358641359265e-01 1.012879434262364597e+00
-1.338661338661338851e-01 1.011153862107851964e+00
-1.318681318681319548e-01 1.009452523253186129e+00
-1.298701298701299134e-01 1.007775479570516719e+00
-1.278721278721278720e-01 1.006122791830448504e+00
-1.258741258741259417e-01 1.004494519709726363e+00
-1.238761238761239003e-01 1.002890721798793239e+00
-1.218781218781218589e-01 1.001311455609288137e+00
-1.198801198801199286e-01 9.997567775813877011e-01
-1.178821178821178872e-01 9.982267430910634065e-01
-1.158841158841159569e-01 9.967214064572113008e-01
-1.138861138861139155e-01 9.952408209486910406e-01
-1.118881118881118741e-01 9.937850387912005035e-01
-1.098901098901099438e-01 9.923541111741224219e-01
-1.078921078921079024e-01 9.909480882571649607e-01
-1.058941058941059721e-01 9.895670191769725399e-01
-1.038961038961039307e-01 9.882109520535563574e-01
-1.018981018981018893e-01 9.868799339966414230e-01
-9.990009990009995899e-02 9.855740111119162261e-01
-9.790209790209791763e-02 9.842932285071243070e-01
-9.590409590409598728e-02 9.830376302980803338e-01
-9.390609390609394591e-02 9.818072596145548392e-01
-9.190809190809190454e-02 9.806021586060335027e-01
-8.991008991008997420e-02 9.794223684473928326e-01
-8.791208791208793283e-02 9.782679293444180857e-01
-8.591408591408600248e-02 9.771388805392452470e-01
-8.391608391608396111e-02 9.760352603156574602e-01
-8.191808191808191975e-02 9.749571060042803161e-01
-7.992007992007998940e-02 9.739044539876603457e-01
-7.792207792207794803e-02 9.728773397052205008e-01
-7.592407592407590666e-02 9.718757976580967295e-01
-7.392607392607397632e-02 9.708998614138667493e-01
-7.192807192807193495e-02 9.699495636111687968e-01
-6.993006993007000460e-02 9.690249359641677218e-01
-6.793206793206796323e-02 9.681260092669434769e-01
-6.593406593406592187e-02 9.672528133977421616e-01
-6.393606393606399152e-02 9.664053773231119360e-01
-6.193806193806195015e-02 9.655837291019198076e-01
-5.994005994006001981e-02 9.647878958892496248e-01
-5.794205794205797844e-02 9.640179039401897132e-01
-5.594405594405593707e-02 9.632737786134860647e-01
-5.394605394605400672e-02 9.625555443750980489e-01
-5.194805194805196535e-02 9.618632248016186770e-01
-4.995004995005003501e-02 9.611968425835725194e-01
-4.795204795204799364e-02 9.605564195286160345e-01
-4.595404595404595227e-02 9.599419765645922364e-01
-4.395604395604402193e-02 9.593535337424969889e-01
-4.195804195804198056e-02 9.587911102392852047e-01
-3.996003996004005021e-02 9.582547243605964438e-01
-3.796203796203800884e-02 9.577443935433430644e-01
-3.596403596403596747e-02 9.572601343581681466e-01
-3.396603396603403713e-02 9.568019625118152627e-01
-3.196803196803199576e-02 9.563698928493351570e-01
-2.997002997002995439e-02 9.559639393562191501e-01
-2.797202797202802405e-02 9.555841151603684525e-01
-2.597402597402598268e-02 9.552304325339735502e-01
-2.397602397602405233e-02 9.549029028952662479e-01
-2.197802197802201096e-02 9.546015368101434806e-01
-1.998001998001996959e-02 9.543263439936739978e-01
-1.798201798201803925e-02 9.540773333114951349e-01
-1.598401598401599788e-02 9.538545127810642565e-01
-1.398601398601406753e-02 9.536578895728299310e-01
-1.198801198801202617e-02 9.534874700112310197e-01
-9.990009990009984797e-03 9.533432595756202721e-01
-7.992007992008054451e-03 9.532252629010486977e-01
-5.994005994006013083e-03 9.531334837789212644e-01
-3.996003996004082737e-03 9.530679251575462363e-01
-1.998001998002041368e-03 9.530285891425516187e-01
0.000000000000000000e+00 9.530154769971957984e-01
1.998001998002041368e-03 9.530285891425516187e-01
3.996003996003971714e-03 9.530679251575462363e-01
5.994005994005902060e-03 9.531334837789213754e-01
7.992007992008054451e-03 9.532252629010486977e-01
9.990009990009984797e-03 9.533432595756202721e-01
1.198801198801191514e-02 9.534874700112310197e-01
1.398601398601384549e-02 9.536578895728298200e-01
1.598401598401599788e-02 9.538545127810642565e-01
1.798201798201792823e-02 9.540773333114950239e-01
1.998001998001985857e-02 9.543263439936742198e-01
2.197802197802201096e-02 9.546015368101434806e-01
2.397602397602394131e-02 9.549029028952664699e-01
2.597402597402587165e-02 9.552304325339733282e-01
2.797202797202802405e-02 9.555841151603684525e-01
2.997002997002995439e-02 9.559639393562191501e-01
3.196803196803188474e-02 9.563698928493353790e-01
3.396603396603403713e-02 9.568019625118152627e-01
3.596403596403596747e-02 9.572601343581681466e-01
3.796203796203789782e-02 9.577443935433433975e-01
3.996003996003982817e-02 9.582547243605964438e-01
4.195804195804198056e-02 9.587911102392852047e-01
4.395604395604391090e-02 9.593535337424973219e-01
4.595404595404584125e-02 9.599419765645923475e-01
4.795204795204799364e-02 9.605564195286160345e-01
4.995004995004992399e-02 9.611968425835725194e-01
5.194805194805185433e-02 9.618632248016185660e-01
5.394605394605400672e-02 9.625555443750980489e-01
5.594405594405593707e-02 9.632737786134860647e-01
5.794205794205786741e-02 9.640179039401891581e-01
5.994005994005979776e-02 9.647878958892495138e-01
6.193806193806195015e-02 9.655837291019198076e-01
6.393606393606388050e-02 9.664053773231118249e-01
6.593406593406581084e-02 9.672528133977419396e-01
6.793206793206796323e-02 9.681260092669434769e-01
6.993006993006989358e-02 9.690249359641678328e-01
7.192807192807182393e-02 9.699495636111687968e-01
7.392607392607397632e-02 9.708998614138667493e-01
7.592407592407590666e-02 9.718757976580967295e-01
7.792207792207783701e-02 9.728773397052209448e-01
7.992007992007998940e-02 9.739044539876603457e-01
8.191808191808191975e-02 9.749571060042803161e-01
8.391608391608385009e-02 9.760352603156574602e-01
8.591408591408578044e-02 9.771388805392451360e-01
8.791208791208793283e-02 9.782679293444180857e-01
8.991008991008986317e-02 9.794223684473926106e-01
9.190809190809179352e-02 9.806021586060333917e-01
9.390609390609394591e-02 9.818072596145548392e-01
9.590409590409587626e-02 9.830376302980802228e-01
9.790209790209780660e-02 9.842932285071246401e-01
9.990009990009995899e-02 9.855740111119162261e-01
1.018981018981018893e-01 9.868799339966414230e-01
1.038961038961038197e-01 9.882109520535565794e-01
1.058941058941057500e-01 9.895670191769723179e-01
1.078921078921079024e-01 9.909480882571649607e-01
1.098901098901098328e-01 9.923541111741219778e-01
1.118881118881117631e-01 9.937850387912000594e-01
1.138861138861139155e-01 9.952408209486910406e-01
1.158841158841158459e-01 9.967214064572113008e-01
1.178821178821177762e-01 9.982267430910636286e-01
1.198801198801199286e-01 9.997567775813877011e-01
1.218781218781218589e-01 1.001311455609288137e+00
1.238761238761237893e-01 1.002890721798792795e+00
1.258741258741259417e-01 1.004494519709726363e+00
1.278721278721278720e-01 1.006122791830448504e+00
1.298701298701298024e-01 1.007775479570516941e+00
1.318681318681317327e-01 1.009452523253185907e+00
1.338661338661338851e-01 1.011153862107851964e+00
1.358641358641358154e-01 1.012879434262364375e+00
1.378621378621377458e-01 1.014629176735182492e+00
1.398601398601398982e-01 1.016403025427520257e+00
1.418581418581418285e-01 1.018200915115277327e+00
1.438561438561437589e-01 1.020022779440931560e+00
1.458541458541459113e-01 1.021868550905296047e+00
1.478521478521478416e-01 1.023738160859163582e+00
1.498501498501497720e-01 1.025631539494858746e+00
1.518481518481519243e-01 1.027548615837668100e+00
1.538461538461538547e-01 1.029489317737170007e+00
1.558441558441557850e-01 1.031453571858454321e+00
1.578421578421577154e-01 1.033441303673241940e+00
1.598401598401598678e-01 1.035452437450880891e+00
1.618381618381617981e-01 1.037486896249272927e+00
1.638361638361637285e-01 1.039544601905646459e+00
1.658341658341658809e-01 1.041625475027259773e+00
1.678321678321678112e-01 1.043729434982001880e+00
1.698301698301697416e-01 1.045856399888840604e+00
1.718281718281718939e-01 1.048006286608247795e+00
1.738261738261738243e-01 1.050179010732447349e+00
1.758241758241757546e-01 1.052374486575599066e+00
1.778221778221776850e-01 1.054592627163873253e+00
1.798201798201798374e-01 1.056833344225415861e+00
1.818181818181817677e-01 1.059096548180235464e+00
1.838161838161836981e-01 1.061382148129949687e+00
1.858141858141858505e-01 1.063690051847463680e+00
1.878121878121877808e-01 1.066020165766554895e+00
1.898101898101897111e-01 1.068372394971311312e+00
1.918081918081918635e-01 1.070746643185545022e+00
1.938061938061937939e-01 1.073142812762024834e+00
1.958041958041957242e-01 1.075560804671681803e+00
1.978021978021978766e-01 1.078000518492675530e+00
1.998001998001998070e-01 1.080461852399381417e+00
2.017982017982017373e-01 1.082944703151279331e+00
2.037962037962036677e-01 1.085448966081736799e+00
2.057942057942058200e-01 1.087974535086723371e+00
2.077922077922077504e-01 1.090521302613400412e+00
2.097902097902096807e-01 1.093089159648621189e+00
2.117882117882118331e-01 1.095677995707383667e+00
2.137862137862137635e-01 1.098287698821119207e+00
2.157842157842156938e-01 1.100918155525936415e+00
2.177822177822178462e-01 1.103569250850784167e+00
2.197802197802197766e-01 1.106240868305466973e+00
2.217782217782217069e-01 1.108932889868638139e+00
2.237762237762236373e-01 1.111645195975654810e+00
2.257742257742257896e-01 1.114377665506378845e+00
2.277722277722277200e-01 1.117130175772854672e+00
2.297702297702296503e-01 1.119902602506937850e+00
2.317682317682318027e-01 1.122694819847811276e+00
2.337662337662337331e-01 1.125506700329425902e+00
2.357642357642356634e-01 1.128338114867851516e+00
2.377622377622378158e-01 1.131188932748549814e+00
2.397602397602397462e-01 1.134059021613559315e+00
2.417582417582416765e-01 1.136948247448597682e+00
2.437562437562438289e-01 1.139856474570099421e+00
2.457542457542457592e-01 1.142783565612124574e+00
2.477522477522476896e-01 1.145729381513259648e+00
2.497502497502496199e-01 1.148693781503361766e+00
2.517482517482517723e-01 1.151676623090297058e+00
2.537462537462537027e-01 1.154677762046520506e+00
2.557442557442556330e-01 1.157697052395683546e+00
2.577422577422577854e-01 1.160734346399038941e+00
2.597402597402597157e-01 1.163789494541896508e+00
2.617382617382616461e-01 1.166862345519902755e+00
2.637362637362637985e-01 1.169952746225319196e+00
2.657342657342657288e-01 1.173060541733162765e+00
2.677322677322676592e-01 1.176185575287352458e+00
2.697302697302695895e-01 1.179327688286703424e+00
2.717282717282717419e-01 1.182486720270908842e+00
2.737262737262736723e-01 1.185662508906420332e+00
2.757242757242756026e-01 1.188854889972300155e+00
2.777222777222777550e-01 1.192063697345941753e+00
2.797202797202796853e-01 1.195288762988769848e+00
2.817182817182816157e-01 1.198529916931898587e+00
2.837162837162837681e-01 1.201786987261639350e+00
2.857142857142856984e-01 1.205059800105049206e+00
2.877122877122876288e-01 1.208348179615311269e+00
2.897102897102897812e-01 1.211651947957167907e+00
2.917082917082917115e-01 1.214970925292176984e+00
2.937062937062936419e-01 1.218304929764014499e+00
2.957042957042955722e-01 1.221653777483625358e+00
2.977022977022977246e-01 1.225017282514381023e+00
2.997002997002996549e-01 1.228395256857166551e+00
3.016983016983015853e-01 1.231787510435396804e+00
3.036963036963037377e-01 1.235193851079984473e+00
3.056943056943056680e-01 1.238614084514257474e+00
3.076923076923075984e-01 1.242048014338832607e+00
3.096903096903097508e-01 1.245495442016423926e+00
3.116883116883116811e-01 1.248956166856609151e+00
3.136863136863136114e-01 1.252429986000547002e+00
3.156843156843155418e-01 1.255916694405639245e+00
3.176823176823176942e-01 1.259416084830158766e+00
3.196803196803196245e-01 1.262927947817820362e+00
3.216783216783215549e-01 1.266452071682319547e+00
3.236763236763237073e-01 1.269988242491821628e+00
3.256743256743256376e-01 1.273536244053401933e+00
3.276723276723275680e-01 1.277095857897458719e+00
3.296703296703297204e-01 1.280666863262083233e+00
3.316683316683316507e-01 1.284249037077380029e+00
3.336663336663335810e-01 1.287842153949773527e+00
3.356643356643357334e-01 1.291445986146256164e+00
3.376623376623376638e-01 1.295060303578606575e+00
3.396603396603395941e-01 1.298684873787595562e+00
3.416583416583415245e-01 1.302319461927136990e+00
3.436563436563436769e-01 1.305963830748408272e+00
3.456543456543456072e-01 1.309617740583957968e+00
3.476523476523475376e-01 1.313280949331775638e+00
3.496503496503496899e-01 1.316953212439336163e+00
3.516483516483516203e-01 1.320634282887624078e+00
3.536463536463535506e-01 1.324323911175111279e+00
3.556443556443557030e-01 1.328021845301756931e+00
3.576423576423576334e-01 1.331727830752941433e+00
3.596403596403595637e-01 1.335441610483408592e+00
3.616383616383614941e-01 1.339162924901180274e+00
3.636363636363636465e-01 1.342891511851455055e+00
3.656343656343655768e-01 1.346627106600452484e+00
3.676323676323675071e-01 1.350369441819383232e+00
3.696303696303696595e-01 1.354118247568189881e+00
3.716283716283715899e-01 1.357873251279468008e+00
3.736263736263735202e-01 1.361634177742263807e+00
3.756243756243756726e-01 1.365400749085941445e+00
3.776223776223776030e-01 1.369172684763945602e+00
3.796203796203795333e-01 1.372949701537692357e+00
3.816183816183816857e-01 1.376731513460333289e+00
3.836163836163836161e-01 1.380517831860568867e+00
3.856143856143855464e-01 1.384308365326488266e+00
3.876123876123874767e-01 1.388102819689343459e+00
3.896103896103896291e-01 1.391900898007413234e+00
3.916083916083915595e-01 1.395702300549787056e+00
3.936063936063934898e-01 1.399506724780200440e+00
3.956043956043956422e-01 1.403313865340866773e+00
3.976023976023975726e-01 1.407123414036334008e+00
3.996003996003995029e-01 1.410935059817323811e+00
4.015984015984016553e-01 1.414748488764608236e+00
4.035964035964035856e-01 1.418563384072888400e+00
4.055944055944055160e-01 1.422379426034672933e+00
4.075924075924074463e-01 1.426196292024227485e+00
4.095904095904095987e-01 1.430013656481483375e+00
4.115884115884115291e-01 1.433831190895985097e+00
4.135864135864134594e-01 1.437648563790901335e+00
4.155844155844156118e-01 1.441465440706987122e+00
4.175824175824175422e-01 1.445281484186640153e+00
4.195804195804194725e-01 1.449096353757925781e+00
4.215784215784216249e-01 1.452909705918710381e+00
4.235764235764235552e-01 1.456721194120717655e+00
4.255744255744254856e-01 1.460530468753722610e+00
4.275724275724276380e-01 1.464337177129715561e+00
4.295704295704295683e-01 1.468140963467125415e+00
4.315684315684314987e-01 1.471941468875081371e+00
4.335664335664334290e-01 1.475738331337709930e+00
4.355644355644355814e-01 1.479531185698478302e+00
4.375624375624375118e-01 1.483319663644575792e+00
4.395604395604394421e-01 1.487103393691339370e+00
4.415584415584415945e-01 1.490882001166751403e+00
4.435564435564435248e-01 1.494655108195949378e+00
4.455544455544454552e-01 1.498422333685811125e+00
4.475524475524476076e-01 1.502183293309581558e+00
4.495504495504495379e-01 1.505937599491581347e+00
4.515484515484514683e-01 1.509684861391906052e+00
4.535464535464536207e-01 1.513424684891284677e+00
4.555444555444555510e-01 1.517156672575906695e+00
4.575424575424574813e-01 1.520880423722359431e+00
4.595404595404594117e-01 1.524595534282618958e+00
4.615384615384615641e-01 1.528301596869103829e+00
4.635364635364634944e-01 1.531998200739806970e+00
4.655344655344654248e-01 1.535684931783500184e+00
4.675324675324675772e-01 1.539361372504975067e+00
4.695304695304695075e-01 1.543027102010420260e+00
4.715284715284714379e-01 1.546681695992810024e+00
4.735264735264735902e-01 1.550324726717436707e+00
4.755244755244755206e-01 1.553955763007457413e+00
4.775224775224774509e-01 1.557574370229564575e+00
4.795204795204793813e-01 1.561180110279748900e+00
4.815184815184815337e-01 1.564772541569094733e+00
4.835164835164834640e-01 1.568351219009738839e+00
4.855144855144853944e-01 1.571915694000852071e+00
4.875124875124875468e-01 1.575465514414750023e+00
4.895104895104894771e-01 1.579000224583100520e+00
4.915084915084914075e-01 1.582519365283192370e+00
4.935064935064935598e-01 1.586022473724358672e+00
4.955044955044954902e-01 1.589509083534433209e+00
4.975024975024974205e-01 1.592978724746380248e+00
4.995004995004995729e-01 1.596430923784960099e+00
5.014985014985015033e-01 1.599865203453574525e+00
5.034965034965034336e-01 1.603281082921128808e+00
5.054945054945053640e-01 1.606678077709118524e+00
5.074925074925075164e-01 1.610055699678717867e+00
5.094905094905094467e-01 1.613413457018045616e+00
5.114885114885113770e-01 1.616750854229557000e+00
5.134865134865135294e-01 1.620067392117515492e+00
5.154845154845154598e-01 1.623362567775592735e+00
5.174825174825173901e-01 1.626635874574621665e+00
5.194805194805195425e-01 1.629886802150462444e+00
5.214785214785214729e-01 1.633114836391942104e+00
5.234765234765234032e-01 1.636319459429041334e+00
5.254745254745253336e-01 1.639500149621084590e+00
5.274725274725274859e-01 1.642656381545138489e+00
5.294705294705294163e-01 1.645787625984551417e+00
5.314685314685313466e-01 1.648893349917573747e+00
5.334665334665334990e-01 1.651973016506179670e+00
5.354645354645354294e-01 1.655026085084988940e+00
5.374625374625373597e-01 1.658052011150350946e+00
5.394605394605395121e-01 1.661050246349593529e+00
5.414585414585414425e-01 1.664020238470360624e+00
5.434565434565433728e-01 1.666961431430178608e+00
5.454545454545455252e-01 1.669873265266097473e+00
5.474525474525474555e-01 1.672755176124573584e+00
5.494505494505493859e-01 1.675606596251404845e+00
5.514485514485513162e-01 1.678426953981920766e+00
5.534465534465534686e-01 1.681215673731269344e+00
5.554445554445553990e-01 1.683972175984921771e+00
5.574425574425573293e-01 1.686695877289274614e+00
5.594405594405594817e-01 1.689386190242475161e+00
5.614385614385614121e-01 1.692042523485384642e+00
5.634365634365633424e-01 1.694664281692748631e+00
5.654345654345654948e-01 1.697250865564492228e+00
5.674325674325674251e-01 1.699801671817226634e+00
5.694305694305693555e-01 1.702316093175914258e+00
5.714285714285712858e-01 1.704793518365733673e+00
5.734265734265734382e-01 1.707233332104089341e+00
5.754245754245753686e-01 1.709634915092864027e+00
5.774225774225772989e-01 1.711997644010785136e+00
5.794205794205794513e-01 1.714320891506046829e+00
5.814185814185813816e-01 1.716604026189053611e+00
5.834165834165833120e-01 1.718846412625428810e+00
5.854145854145854644e-01 1.721047411329162058e+00
5.874125874125873947e-01 1.723206378755960833e+00
5.894105894105893251e-01 1.725322667296840029e+00
5.914085914085914775e-01 1.727395625271824553e+00
5.934065934065934078e-01 1.729424596923983648e+00
5.954045954045953382e-01 1.731408922413526508e+00
5.974025974025972685e-01 1.733347937812190542e+00
5.994005994005994209e-01 1.735240975097850580e+00
6.013986013986013512e-01 1.737087362149244862e+00
6.033966033966032816e-01 1.738886422741019233e+00
6.053946053946054340e-01 1.740637476538912098e+00
6.073926073926073643e-01 1.742339839095189413e+00
6.093906093906092947e-01 1.743992821844276397e+00
6.113886113886114471e-01 1.745595732098614628e+00
6.133866133866133774e-01 1.747147873044752053e+00
6.153846153846153078e-01 1.748648543739633965e+00
6.173826173826172381e-01 1.750097039107137986e+00
6.193806193806193905e-01 1.751492649934817125e+00
6.213786213786213208e-01 1.752834662870889071e+00
6.233766233766232512e-01 1.754122360421435989e+00
6.253746253746254036e-01 1.755355020947847677e+00
6.273726273726273339e-01 1.756531918664498093e+00
6.293706293706292643e-01 1.757652323636645031e+00
6.313686313686314167e-01 1.758715501778587376e+00
6.333666333666333470e-01 1.759720714852030188e+00
6.353646353646352773e-01 1.760667220464717575e+00
6.373626373626374297e-01 1.761554272069295379e+00
6.393606393606393601e-01 1.762381118962417448e+00
6.413586413586412904e-01 1.763147006284096152e+00
6.433566433566432208e-01 1.763851175017278505e+00
6.453546453546453732e-01 1.764492861987751571e+00
6.473526473526473035e-01 1.765071299864152010e+00
6.493506493506492339e-01 1.765585717158375978e+00
6.513486513486513863e-01 1.766035338226163542e+00
6.533466533466533166e-01 1.766419383267930909e+00
6.553446553446552469e-01 1.766737068329882421e+00
6.573426573426573993e-01 1.766987605305402109e+00
6.593406593406593297e-01 1.767170201936633545e+00
6.613386613386612600e-01 1.767284061816393415e+00
6.633366633366634124e-01 1.767328384390298934e+00
6.653346653346653428e-01 1.767302364959179251e+00
6.673326673326672731e-01 1.767205194681737090e+00
6.693306693306692035e-01 1.767036060577486856e+00
6.713286713286713558e-01 1.766794145529974491e+00
6.733266733266732862e-01 1.766478628290192088e+00
6.753246753246752165e-01 1.766088683480374177e+00
6.773226773226773689e-01 1.765623481597972777e+00
6.793206793206792993e-01 1.765082189019938186e+00
6.813186813186812296e-01 1.764463968007271344e+00
6.833166833166833820e-01 1.763767976709850416e+00
6.853146853146853124e-01 1.762993369171519609e+00
6.873126873126872427e-01 1.762139295335487077e+00
6.893106893106891730e-01 1.761204901049936433e+00
6.913086913086913254e-01 1.760189328073998416e+00
6.933066933066932558e-01 1.759091714083920399e+00
6.953046953046951861e-01 1.757911192679583179e+00
6.973026973026973385e-01 1.756646893391248687e+00
6.993006993006992689e-01 1.755297941686609020e+00
7.012987012987011992e-01 1.753863458978139889e+00
7.032967032967033516e-01 1.752342562630692102e+00
7.052947052947052820e-01 1.750734365969395467e+00
7.072927072927072123e-01 1.749037978287849127e+00
7.092907092907093647e-01 1.747252504856575017e+00
7.112887112887112950e-01 1.745377046931806619e+00
7.132867132867132254e-01 1.743410701764490200e+00
7.152847152847151557e-01 1.741352562609636889e+00
7.172827172827173081e-01 1.739201718735950530e+00
7.192807192807192385e-01 1.736957255435703784e+00
7.212787212787211688e-01 1.734618254034965501e+00
7.232767232767233212e-01 1.732183791904061465e+00
7.252747252747252515e-01 1.729652942468383303e+00
7.272727272727271819e-01 1.727024775219413444e+00
7.292707292707293343e-01 1.724298355726122001e+00
7.312687312687312646e-01 1.721472745646594360e+00
7.332667332667331950e-01 1.718547002739982510e+00
7.352647352647351253e-01 1.715520180878740364e+00
7.372627372627372777e-01 1.712391330061135752e+00
7.392607392607392081e-01 1.709159496424102587e+00
7.412587412587411384e-01 1.705823722256307517e+00
7.432567432567432908e-01 1.702383046011600509e+00
7.452547452547452211e-01 1.698836502322687236e+00
7.472527472527471515e-01 1.695183122015130328e+00
7.492507492507493039e-01 1.691421932121629945e+00
7.512487512487512342e-01 1.687551955896602784e+00
7.532467532467531646e-01 1.683572212831071280e+00
7.552447552447553170e-01 1.679481718667808376e+00
7.572427572427572473e-01 1.675279485416793390e+00
7.592407592407591777e-01 1.670964521370999156e+00
7.612387612387611080e-01 1.666535831122389011e+00
7.632367632367632604e-01 1.661992415578299687e+00
7.652347652347651907e-01 1.657333271978025158e+00
7.672327672327671211e-01 1.652557393909784178e+00
7.692307692307692735e-01 1.647663771327906757e+00
7.712287712287712038e-01 1.642651390570343928e+00
7.732267732267731342e-01 1.637519234376475286e+00
7.752247752247752866e-01 1.632266281905168981e+00
7.772227772227772169e-01 1.626891508753194771e+00
7.792207792207791472e-01 1.621393886973875542e+00
7.812187812187810776e-01 1.615772385096025499e+00
7.832167832167832300e-01 1.610025968143210306e+00
7.852147852147851603e-01 1.604153597653295238e+00
7.872127872127870907e-01 1.598154231698220906e+00
7.892107892107892431e-01 1.592026824904149818e+00
7.912087912087911734e-01 1.585770328471837187e+00
7.932067932067931038e-01 1.579383690197300405e+00
7.952047952047952561e-01 1.572865854492794702e+00
7.972027972027971865e-01 1.566215762408045720e+00
7.992007992007991168e-01 1.559432351651766746e+00
8.011988011988012692e-01 1.552514556613477925e+00
8.031968031968031996e-01 1.545461308385571275e+00
8.051948051948051299e-01 1.538271534785699446e+00
8.071928071928070603e-01 1.530944160379406949e+00
8.091908091908092127e-01 1.523478106503028062e+00
8.111888111888111430e-01 1.515872291286908480e+00
8.131868131868130734e-01 1.508125629678866320e+00
8.151848151848152257e-01 1.500237033467917813e+00
8.171828171828171561e-01 1.492205411308316299e+00
8.191808191808190864e-01 1.484029668743801045e+00
8.211788211788212388e-01 1.475708708232184918e+00
8.231768231768231692e-01 1.467241429170149214e+00
8.251748251748250995e-01 1.458626727918338917e+00
8.271728271728270299e-01 1.449863497826714420e+00
8.291708291708291823e-01 1.440950629260139060e+00
8.311688311688311126e-01 1.431887009624320362e+00
8.331668331668330429e-01 1.422671523391850767e+00
8.351648351648351953e-01 1.413303052128674908e+00
8.371628371628371257e-01 1.403780474520712307e+00
8.391608391608390560e-01 1.394102666400745649e+00
8.411588411588412084e-01 1.384268500775602151e+00
8.431568431568431388e-01 1.374276847853553640e+00
8.451548451548450691e-01 1.364126575071962888e+00
8.471528471528472215e-01 1.353816547125187286e+00
8.491508491508491518e-01 1.343345625992752312e+00
8.511488511488510822e-01 1.332712670967707513e+00
8.531468531468530125e-01 1.321916538685290243e+00
8.551448551448551649e-01 1.310956083151778584e+00
8.571428571428570953e-01 1.299830155773616935e+00
8.591408591408590256e-01 1.288537605386734564e+00
8.611388611388611780e-01 1.277077278286171458e+00
8.631368631368631084e-01 1.265448018255823870e+00
8.651348651348650387e-01 1.253648666598535133e+00
8.671328671328671911e-01 1.241678062166323482e+00
8.691308691308691214e-01 1.229535041390891870e+00
8.711288711288710518e-01 1.217218438314310758e+00
8.731268731268729821e-01 1.204727084619971800e+00
8.751248751248751345e-01 1.192059809663710945e+00
8.771228771228770649e-01 1.179215440505169354e+00
8.791208791208789952e-01 1.166192801939366364e+00
8.811188811188811476e-01 1.152990716528481618e+00
8.831168831168830780e-01 1.139608004633827720e+00
8.851148851148850083e-01 1.126043484448032705e+00
8.871128871128871607e-01 1.112295972027464774e+00
8.891108891108890910e-01 1.098364281324775371e+00
8.911088911088910214e-01 1.084247224221721595e+00
8.931068931068931738e-01 1.069943610562100522e+00
8.951048951048951041e-01 1.055452248184961750e+00
8.971028971028970345e-01 1.040771942957924523e+00
8.991008991008989648e-01 1.025901498810754431e+00
9.010989010989011172e-01 1.010839717769046686e+00
9.030969030969030475e-01 9.955853999881539851e-01
9.050949050949049779e-01 9.801373437872635819e-01
9.070929070929071303e-01 9.644943456836215789e-01
9.090909090909090606e-01 9.486552004269939165e-01
9.110889110889109910e-01 9.326187010342172901e-01
9.130869130869131434e-01 9.163836388239845476e-01
9.150849150849150737e-01 8.999488034517346691e-01
9.170829170829170041e-01 8.833129829447470271e-01
9.190809190809189344e-01 8.664749637373569957e-01
9.210789210789210868e-01 8.494335307063506368e-01
9.230769230769230171e-01 8.321874672064943912e-01
9.250749250749249475e-01 8.147355551062107626e-01
9.270729270729270999e-01 7.970765748234075465e-01
9.290709290709290302e-01 7.792093053614631559e-01
9.310689310689309606e-01 7.611325243453025413e-01
9.330669330669331130e-01 7.428450080576640691e-01
9.350649350649350433e-01 7.243455314754756458e-01
9.370629370629369737e-01 7.056328683063664009e-01
9.390609390609391260e-01 6.867057910252996056e-01
9.410589410589410564e-01 6.675630709113752337e-01
9.430569430569429867e-01 6.482034780847090172e-01
9.450549450549449171e-01 6.286257815434792562e-01
9.470529470529470695e-01 6.088287492010936441e-01
9.490509490509489998e-01 5.888111479234989787e-01
9.510489510489509302e-01 5.685717435666104436e-01
9.530469530469530826e-01 5.481093010139107546e-01
9.550449550449550129e-01 5.274225842142221676e-01
9.570429570429569432e-01 5.065103562196082709e-01
9.590409590409590956e-01 4.853713792235365143e-01
9.610389610389610260e-01 4.640044145992643365e-01
9.630369630369629563e-01 4.424082229385086218e-01
9.650349650349651087e-01 4.205815640905425368e-01
9.670329670329670391e-01 3.985231972017808100e-01
9.690309690309689694e-01 3.762318807560748324e-01
9.710289710289708998e-01 3.537063726160381005e-01
9.730269730269730521e-01 3.309454300658518644e-01
9.750249750249749825e-01 3.079478098563775412e-01
9.770229770229769128e-01 2.847122682538628102e-01
9.790209790209790652e-01 2.612375610946243709e-01
9.810189810189809956e-01 2.375224438499473900e-01
9.830169830169829259e-01 2.135656717093543933e-01
9.850149850149850783e-01 1.893659996988753813e-01
9.870129870129870087e-01 1.649221828705400295e-01
9.890109890109889390e-01 1.402329766490711671e-01
9.910089910089908694e-01 1.152971375636463874e-01
9.930069930069930217e-01 9.011342505706254613e-02
9.950049950049949521e-01 6.468060689776471139e-02
9.970029970029968824e-01 3.899747979527778963e-02
9.990009990009990348e-01 1.306294715691377548e-02
