-9.990009990009990348e-01 6.807087836979792625e-03
-9.970029970029969935e-01 2.023364317065568657e-02
-9.950049950049950631e-01 3.341416250040942643e-02
-9.930069930069930217e-01 4.635350348247008201e-02
-9.910089910089910914e-01 5.905642741281886404e-02
-9.890109890109890500e-01 7.152760121905858692e-02
-9.870129870129870087e-01 8.377159932741977399e-02
-9.850149850149850783e-01 9.579290549254536324e-02
-9.830169830169830369e-01 1.075959145912414594e-01
-9.810189810189811066e-01 1.191849343806307693e-01
-9.790209790209790652e-01 1.305641872215413668e-01
-9.770229770229770239e-01 1.417378117678509408e-01
-9.750249750249750935e-01 1.527098646223883083e-01
-9.730269730269730521e-01 1.634843219600529418e-01
-9.710289710289710108e-01 1.740650811188528546e-01
-9.690309690309690804e-01 1.844559621594920318e-01
-9.670329670329670391e-01 1.946607093940855293e-01
-9.650349650349651087e-01 2.046829928845690372e-01
-9.630369630369630674e-01 2.145264099116072909e-01
-9.610389610389610260e-01 2.241944864143282645e-01
-9.590409590409590956e-01 2.336906784016378746e-01
-9.570429570429570543e-01 2.430183733355539000e-01
-9.550449550449551239e-01 2.521808914872948337e-01
-9.530469530469530826e-01 2.611814872663795195e-01
-9.510489510489510412e-01 2.700233505236117604e-01
-9.490509490509491108e-01 2.787096078281261491e-01
-9.470529470529470695e-01 2.872433237193053324e-01
-9.450549450549451391e-01 2.956275019338462928e-01
-9.430569430569430978e-01 3.038650866085881863e-01
-9.410589410589410564e-01 3.119589634595605898e-01
-9.390609390609391260e-01 3.199119609376633866e-01
-9.370629370629370847e-01 3.277268513615417822e-01
-9.350649350649351543e-01 3.354063520280035626e-01
-9.330669330669331130e-01 3.429531263005113351e-01
-9.310689310689310716e-01 3.503697846761041346e-01
-9.290709290709291412e-01 3.576588858312453878e-01
-9.270729270729270999e-01 3.648229376469755980e-01
-9.250749250749250585e-01 3.718643982137754267e-01
-9.230769230769231282e-01 3.787856768165627219e-01
-9.210789210789210868e-01 3.855891349002014690e-01
-9.190809190809191564e-01 3.922770870159079104e-01
-9.170829170829171151e-01 3.988518017489492973e-01
-9.150849150849150737e-01 4.053155026279905426e-01
-9.130869130869131434e-01 4.116703690164350005e-01
-9.110889110889111020e-01 4.179185369861383448e-01
-9.090909090909091717e-01 4.240621001738681395e-01
-9.070929070929071303e-01 4.301031106207944821e-01
-9.050949050949050889e-01 4.360435795953656601e-01
-9.030969030969031586e-01 4.418854783999564551e-01
-9.010989010989011172e-01 4.476307391614957609e-01
-8.991008991008990758e-01 4.532812556065049514e-01
-8.971028971028971455e-01 4.588388838207876907e-01
-8.951048951048951041e-01 4.643054429940750016e-01
-8.931068931068931738e-01 4.696827161500010117e-01
-8.911088911088911324e-01 4.749724508615498775e-01
-8.891108891108892021e-01 4.801763599524339621e-01
-8.871128871128871607e-01 4.852961221845383810e-01
-8.851148851148851193e-01 4.903333829318253234e-01
-8.831168831168831890e-01 4.952897548408456974e-01
-8.811188811188811476e-01 5.001668184782375182e-01
-8.791208791208791062e-01 5.049661229653863437e-01
-8.771228771228771759e-01 5.096891866005593963e-01
-8.751248751248751345e-01 5.143374974686896195e-01
-8.731268731268730932e-01 5.189125140391536162e-01
-8.711288711288711628e-01 5.234156657516828570e-01
-8.691308691308692325e-01 5.278483535906941526e-01
-8.671328671328671911e-01 5.322119506483088403e-01
-8.651348651348651497e-01 5.365078026761435082e-01
-8.631368631368632194e-01 5.407372286262692729e-01
-8.611388611388611780e-01 5.449015211814276505e-01
-8.591408591408591366e-01 5.490019472747845741e-01
-8.571428571428572063e-01 5.530397485993630013e-01
-8.551448551448551649e-01 5.570161421074818486e-01
-8.531468531468531236e-01 5.609323205001923718e-01
-8.511488511488511932e-01 5.647894527071715132e-01
-8.491508491508491518e-01 5.685886843570036042e-01
-8.471528471528472215e-01 5.723311382382574308e-01
-8.451548451548451801e-01 5.760179147513541098e-01
-8.431568431568432498e-01 5.796500923516056947e-01
-8.411588411588412084e-01 5.832287279833627824e-01
-8.391608391608391671e-01 5.867548575056815707e-01
-8.371628371628372367e-01 5.902294961095312376e-01
-8.351648351648351953e-01 5.936536387267478121e-01
-8.331668331668331540e-01 5.970282604308848606e-01
-8.311688311688312236e-01 6.003543168301860300e-01
-8.291708291708291823e-01 6.036327444527372910e-01
-8.271728271728271409e-01 6.068644611240163744e-01
-8.251748251748252105e-01 6.100503663369847285e-01
-8.231768231768232802e-01 6.131913416148606633e-01
-8.211788211788212388e-01 6.162882508666889247e-01
-8.191808191808191975e-01 6.193419407359251894e-01
-8.171828171828172671e-01 6.223532409420954314e-01
-8.151848151848152257e-01 6.253229646156724941e-01
-8.131868131868131844e-01 6.282519086264382047e-01
-8.111888111888112540e-01 6.311408539051653888e-01
-8.091908091908092127e-01 6.339905657591702326e-01
-8.071928071928071713e-01 6.368017941814057004e-01
-8.051948051948052409e-01 6.395752741535970509e-01
-8.031968031968031996e-01 6.423117259432851167e-01
-8.011988011988012692e-01 6.450118553950847655e-01
-7.992007992007992279e-01 6.476763542160743903e-01
-7.972027972027972975e-01 6.503059002556548229e-01
-7.952047952047952561e-01 6.529011577797954047e-01
-7.932067932067932148e-01 6.554627777398863708e-01
-7.912087912087912844e-01 6.579913980362498416e-01
-7.892107892107892431e-01 6.604876437765216934e-01
-7.872127872127872017e-01 6.629521275287908466e-01
-7.852147852147852714e-01 6.653854495698559024e-01
-7.832167832167832300e-01 6.677881981285037627e-01
-7.812187812187811886e-01 6.701609496239953057e-01
-7.792207792207792583e-01 6.725042688998524865e-01
-7.772227772227772169e-01 6.748187094529805030e-01
-7.752247752247752866e-01 6.771048136583204258e-01
-7.732267732267732452e-01 6.793631129889864395e-01
-7.712287712287713148e-01 6.815941282321322792e-01
-7.692307692307692735e-01 6.837983697004692552e-01
-7.672327672327672321e-01 6.859763374396653512e-01
-7.652347652347653018e-01 6.881285214316096299e-01
-7.632367632367632604e-01 6.902554017936572972e-01
-7.612387612387612190e-01 6.923574489739662274e-01
-7.592407592407592887e-01 6.944351239429331635e-01
-7.572427572427572473e-01 6.964888783808695916e-01
-7.552447552447553170e-01 6.985191548619453794e-01
-7.532467532467532756e-01 7.005263870345405097e-01
-7.512487512487513452e-01 7.025109997979707144e-01
-7.492507492507493039e-01 7.044734094757599818e-01
-7.472527472527472625e-01 7.064140239854861392e-01
-7.452547452547453322e-01 7.083332430052551310e-01
-7.432567432567432908e-01 7.102314581368691648e-01
-7.412587412587412494e-01 7.121090530658389373e-01
-7.392607392607393191e-01 7.139664037181133738e-01
-7.372627372627372777e-01 7.158038784138491817e-01
-7.352647352647352363e-01 7.176218380180418022e-01
-7.332667332667333060e-01 7.194206360881868489e-01
-7.312687312687313756e-01 7.212006190191000421e-01
-7.292707292707292233e-01 7.229621261847634095e-01
-7.272727272727272929e-01 7.247054900774811959e-01
-7.252747252747253626e-01 7.264310364441760592e-01
-7.232767232767233212e-01 7.281390844200806844e-01
-7.212787212787212798e-01 7.298299466597467644e-01
-7.192807192807193495e-01 7.315039294654391844e-01
-7.172827172827173081e-01 7.331613329130601819e-01
-7.152847152847152667e-01 7.348024509755349820e-01
-7.132867132867133364e-01 7.364275716437473918e-01
-7.112887112887112950e-01 7.380369770451498113e-01
-7.092907092907092537e-01 7.396309435599451865e-01
-7.072927072927073233e-01 7.412097419350668348e-01
-7.052947052947053930e-01 7.427736373958039318e-01
-7.032967032967033516e-01 7.443228897552987000e-01
-7.012987012987013102e-01 7.458577535218613441e-01
-6.993006993006993799e-01 7.473784780041451414e-01
-6.973026973026973385e-01 7.488853074142498567e-01
-6.953046953046952972e-01 7.503784809687989998e-01
-6.933066933066933668e-01 7.518582329880322268e-01
-6.913086913086913254e-01 7.533247929928951203e-01
-6.893106893106892841e-01 7.547783858002645729e-01
-6.873126873126873537e-01 7.562192316162105188e-01
-6.853146853146854234e-01 7.576475461275725687e-01
-6.833166833166832710e-01 7.590635405915190370e-01
-6.813186813186813406e-01 7.604674219235094679e-01
-6.793206793206794103e-01 7.618593927834247381e-01
-6.773226773226773689e-01 7.632396516600417069e-01
-6.753246753246753276e-01 7.646083929538173285e-01
-6.733266733266733972e-01 7.659658070580279698e-01
-6.713286713286713558e-01 7.673120804383544158e-01
-6.693306693306693145e-01 7.686473957108179711e-01
-6.673326673326673841e-01 7.699719317182615042e-01
-6.653346653346653428e-01 7.712858636052495331e-01
-6.633366633366633014e-01 7.725893628915279088e-01
-6.613386613386613710e-01 7.738825975440419835e-01
-6.593406593406594407e-01 7.751657320474768520e-01
-6.573426573426573993e-01 7.764389274734878610e-01
-6.553446553446553580e-01 7.777023415484791702e-01
-6.533466533466534276e-01 7.789561287200994499e-01
-6.513486513486513863e-01 7.802004402224207436e-01
-6.493506493506493449e-01 7.814354241397747369e-01
-6.473526473526474145e-01 7.826612254694382820e-01
-6.453546453546453732e-01 7.838779861829606732e-01
-6.433566433566433318e-01 7.850858452863649362e-01
-6.413586413586414015e-01 7.862849388791079974e-01
-6.393606393606394711e-01 7.874754002119012108e-01
-6.373626373626373187e-01 7.886573597434315408e-01
-6.353646353646353884e-01 7.898309451958616112e-01
-6.333666333666334580e-01 7.909962816093162319e-01
-6.313686313686314167e-01 7.921534913952833490e-01
-6.293706293706293753e-01 7.933026943889283089e-01
-6.273726273726274449e-01 7.944440079004010391e-01
-6.253746253746254036e-01 7.955775467651109434e-01
-6.233766233766233622e-01 7.967034233930712084e-01
-6.213786213786214319e-01 7.978217478171575339e-01
-6.193806193806193905e-01 7.989326277405097709e-01
-6.173826173826173491e-01 8.000361685829935343e-01
-6.153846153846154188e-01 8.011324735266568409e-01
-6.133866133866134884e-01 8.022216435604183626e-01
-6.113886113886114471e-01 8.033037775237596989e-01
-6.093906093906094057e-01 8.043789721496233946e-01
-6.073926073926074753e-01 8.054473221064543109e-01
-6.053946053946054340e-01 8.065089200393720237e-01
-6.033966033966033926e-01 8.075638566106139171e-01
-6.013986013986014623e-01 8.086122205390663398e-01
-5.994005994005994209e-01 8.096540986391392858e-01
-5.974025974025973795e-01 8.106895758587597811e-01
-5.954045954045954492e-01 8.117187353167157893e-01
-5.934065934065935188e-01 8.127416583391866567e-01
-5.914085914085913664e-01 8.137584244956039825e-01
-5.894105894105894361e-01 8.147691116337798523e-01
-5.874125874125875058e-01 8.157737959143421813e-01
-5.854145854145854644e-01 8.167725518445245747e-01
-5.834165834165834230e-01 8.177654523112272145e-01
-5.814185814185814927e-01 8.187525686135026515e-01
-5.794205794205794513e-01 8.197339704943086280e-01
-5.774225774225774099e-01 8.207097261717601899e-01
-5.754245754245754796e-01 8.216799023696249593e-01
-5.734265734265734382e-01 8.226445643473336844e-01
-5.714285714285713969e-01 8.236037759293391991e-01
-5.694305694305694665e-01 8.245575995338880748e-01
-5.674325674325675362e-01 8.255060962012914505e-01
-5.654345654345654948e-01 8.264493256215501571e-01
-5.634365634365634534e-01 8.273873461615244285e-01
-5.614385614385615231e-01 8.283202148914807772e-01
-5.594405594405594817e-01 8.292479876111930048e-01
-5.574425574425574403e-01 8.301707188754942068e-01
-5.554445554445555100e-01 8.310884620193006445e-01
-5.534465534465534686e-01 8.320012691822188389e-01
-5.514485514485514273e-01 8.329091913325605834e-01
-5.494505494505494969e-01 8.338122782909859199e-01
-5.474525474525475666e-01 8.347105787536357457e-01
-5.454545454545454142e-01 8.356041403148029012e-01
-5.434565434565434838e-01 8.364930094891480650e-01
-5.414585414585415535e-01 8.373772317335557158e-01
-5.394605394605395121e-01 8.382568514684236582e-01
-5.374625374625374707e-01 8.391319120986833191e-01
-5.354645354645355404e-01 8.400024560342764790e-01
-5.334665334665334990e-01 8.408685247103439009e-01
-5.314685314685314577e-01 8.417301586069029229e-01
-5.294705294705295273e-01 8.425873972682321744e-01
-5.274725274725274859e-01 8.434402793218421790e-01
-5.254745254745254446e-01 8.442888424970286243e-01
-5.234765234765235142e-01 8.451331236431465221e-01
-5.214785214785215839e-01 8.459731587474712544e-01
-5.194805194805195425e-01 8.468089829526829204e-01
-5.174825174825175012e-01 8.476406305740871172e-01
-5.154845154845155708e-01 8.484681351164231611e-01
-5.134865134865135294e-01 8.492915292903764346e-01
-5.114885114885114881e-01 8.501108450287665486e-01
-5.094905094905095577e-01 8.509261135023881151e-01
-5.074925074925075164e-01 8.517373651356139330e-01
-5.054945054945054750e-01 8.525446296215792863e-01
-5.034965034965035446e-01 8.533479359371589634e-01
-5.014985014985016143e-01 8.541473123576394100e-01
-4.995004995004995174e-01 8.549427864710421598e-01
-4.975024975024975316e-01 8.557343851922493139e-01
-4.955044955044954902e-01 8.565221347767709714e-01
-4.935064935064935598e-01 8.573060608343232580e-01
-4.915084915084915185e-01 8.580861883420619618e-01
-4.895104895104895881e-01 8.588625416576044502e-01
-4.875124875124875468e-01 8.596351445318060058e-01
-4.855144855144855054e-01 8.604040201212285188e-01
-4.835164835164835750e-01 8.611691910004345418e-01
-4.815184815184815337e-01 8.619306791739589357e-01
-4.795204795204796033e-01 8.626885060881565037e-01
-4.775224775224775620e-01 8.634426926426952420e-01
-4.755244755244755206e-01 8.641932592019087034e-01
-4.735264735264735902e-01 8.649402256059013361e-01
-4.715284715284715489e-01 8.656836111814298906e-01
-4.695304695304696185e-01 8.664234347525562319e-01
-4.675324675324675772e-01 8.671597146511457188e-01
-4.655344655344655358e-01 8.678924687271101224e-01
-4.635364635364636055e-01 8.686217143584461509e-01
-4.615384615384615641e-01 8.693474684611192105e-01
-4.595404595404595227e-01 8.700697474987151292e-01
-4.575424575424575924e-01 8.707885674919583208e-01
-4.555444555444555510e-01 8.715039440279186422e-01
-4.535464535464536207e-01 8.722158922692072602e-01
-4.515484515484515793e-01 8.729244269628750885e-01
-4.495504495504495379e-01 8.736295624491419165e-01
-4.475524475524476076e-01 8.743313126700357207e-01
-4.455544455544455662e-01 8.750296911777646347e-01
-4.435564435564436359e-01 8.757247111430166431e-01
-4.415584415584415945e-01 8.764163853629814982e-01
-4.395604395604395531e-01 8.771047262693429936e-01
-4.375624375624376228e-01 8.777897459360611832e-01
-4.355644355644355814e-01 8.784714560869397726e-01
-4.335664335664336511e-01 8.791498681031505447e-01
-4.315684315684316097e-01 8.798249930305634958e-01
-4.295704295704295683e-01 8.804968415869085518e-01
-4.275724275724276380e-01 8.811654241688358091e-01
-4.255744255744255966e-01 8.818307508588419941e-01
-4.235764235764235552e-01 8.824928314320118483e-01
-4.215784215784216249e-01 8.831516753626708072e-01
-4.195804195804195835e-01 8.838072918309187731e-01
-4.175824175824176532e-01 8.844596897289893622e-01
-4.155844155844156118e-01 8.851088776675221093e-01
-4.135864135864135704e-01 8.857548639816953395e-01
-4.115884115884116401e-01 8.863976567372485738e-01
-4.095904095904095987e-01 8.870372637363895807e-01
-4.075924075924076684e-01 8.876736925235524378e-01
-4.055944055944056270e-01 8.883069503911130704e-01
-4.035964035964035856e-01 8.889370443849063941e-01
-4.015984015984016553e-01 8.895639813097283577e-01
-3.996003996003996139e-01 8.901877677346349271e-01
-3.976023976023976836e-01 8.908084099982248594e-01
-3.956043956043956422e-01 8.914259142137542780e-01
-3.936063936063936008e-01 8.920402862741854122e-01
-3.916083916083916705e-01 8.926515318571370816e-01
-3.896103896103896291e-01 8.932596564297320407e-01
-3.876123876123876988e-01 8.938646652533199788e-01
-3.856143856143856574e-01 8.944665633881802025e-01
-3.836163836163836161e-01 8.950653556980545655e-01
-3.816183816183816857e-01 8.956610468546611914e-01
-3.796203796203796443e-01 8.962536413420406634e-01
-3.776223776223776030e-01 8.968431434609042130e-01
-3.756243756243756726e-01 8.974295573328590070e-01
-3.736263736263736313e-01 8.980128869044956552e-01
-3.716283716283717009e-01 8.985931359515154648e-01
-3.696303696303696595e-01 8.991703080826809469e-01
-3.676323676323676182e-01 8.997444067437021520e-01
-3.656343656343656878e-01 9.003154352211042433e-01
-3.636363636363636465e-01 9.008833966459569575e-01
-3.616383616383617161e-01 9.014482939975613229e-01
-3.596403596403596747e-01 9.020101301070583277e-01
-3.576423576423576334e-01 9.025689076609548778e-01
-3.556443556443557030e-01 9.031246292046246626e-01
-3.536463536463536617e-01 9.036772971456812353e-01
-3.516483516483517313e-01 9.042269137573523130e-01
-3.496503496503496899e-01 9.047734811816933176e-01
-3.476523476523476486e-01 9.053170014328534299e-01
-3.456543456543457182e-01 9.058574764001996460e-01
-3.436563436563436769e-01 9.063949078513831026e-01
-3.416583416583417465e-01 9.069292974354068448e-01
-3.396603396603397051e-01 9.074606466855480447e-01
-3.376623376623376638e-01 9.079889570223127482e-01
-3.356643356643357334e-01 9.085142297562409652e-01
-3.336663336663336921e-01 9.090364660907459537e-01
-3.316683316683316507e-01 9.095556671248202774e-01
-3.296703296703297204e-01 9.100718338557680642e-01
-3.276723276723276790e-01 9.105849671818030400e-01
-3.256743256743257486e-01 9.110950679046526668e-01
-3.236763236763237073e-01 9.116021367321097690e-01
-3.216783216783216659e-01 9.121061742804993377e-01
-3.196803196803197356e-01 9.126071810771079207e-01
-3.176823176823176942e-01 9.131051575626119021e-01
-3.156843156843157638e-01 9.136001040933950934e-01
-3.136863136863137225e-01 9.140920209438473387e-01
-3.116883116883116811e-01 9.145809083086626767e-01
-3.096903096903097508e-01 9.150667663049761869e-01
-3.076923076923077094e-01 9.155495949746111917e-01
-3.056943056943057790e-01 9.160293942861602590e-01
-3.036963036963037377e-01 9.165061641370648715e-01
-3.016983016983016963e-01 9.169799043557147478e-01
-2.997002997002997660e-01 9.174506147033947290e-01
-2.977022977022977246e-01 9.179182948762776295e-01
-2.957042957042957942e-01 9.183829445073574682e-01
-2.937062937062937529e-01 9.188445631683404002e-01
-2.917082917082917115e-01 9.193031503714761410e-01
-2.897102897102897812e-01 9.197587055714350202e-01
-2.877122877122877398e-01 9.202112281670118410e-01
-2.857142857142856984e-01 9.206607175029399848e-01
-2.837162837162837681e-01 9.211071728715921614e-01
-2.817182817182817267e-01 9.215505935146346417e-01
-2.797202797202797964e-01 9.219909786247302286e-01
-2.777222777222777550e-01 9.224283273470920141e-01
-2.757242757242757136e-01 9.228626387811256215e-01
-2.737262737262737833e-01 9.232939119819545404e-01
-2.717282717282717419e-01 9.237221459619642250e-01
-2.697302697302698116e-01 9.241473396922724737e-01
-2.677322677322677702e-01 9.245694921042365566e-01
-2.657342657342657288e-01 9.249886020908549833e-01
-2.637362637362637985e-01 9.254046685082001344e-01
-2.617382617382617571e-01 9.258176901767865008e-01
-2.597402597402598268e-01 9.262276658829503573e-01
-2.577422577422577854e-01 9.266345943801596041e-01
-2.557442557442557440e-01 9.270384743903278268e-01
-2.537462537462538137e-01 9.274393046050852796e-01
-2.517482517482517723e-01 9.278370836870668548e-01
-2.497502497502497310e-01 9.282318102710903629e-01
-2.477522477522478006e-01 9.286234829653954304e-01
-2.457542457542457592e-01 9.290121003528372112e-01
-2.437562437562438289e-01 9.293976609920127085e-01
-2.417582417582417875e-01 9.297801634184262864e-01
-2.397602397602397462e-01 9.301596061455938980e-01
-2.377622377622378158e-01 9.305359876661445373e-01
-2.357642357642357744e-01 9.309093064528838335e-01
-2.337662337662338441e-01 9.312795609598542024e-01
-2.317682317682318027e-01 9.316467496233455936e-01
-2.297702297702297614e-01 9.320108708629450955e-01
-2.277722277722278310e-01 9.323719230825074922e-01
-2.257742257742257896e-01 9.327299046711025055e-01
-2.237762237762238593e-01 9.330848140040256533e-01
-2.217782217782218179e-01 9.334366494436702189e-01
-2.197802197802197766e-01 9.337854093405061340e-01
-2.177822177822178462e-01 9.341310920339062074e-01
-2.157842157842158048e-01 9.344736958531064674e-01
-2.137862137862138745e-01 9.348132191180023032e-01
-2.117882117882118331e-01 9.351496601400420827e-01
-2.097902097902097918e-01 9.354830172230300667e-01
-2.077922077922078614e-01 9.358132886639525250e-01
-2.057942057942058200e-01 9.361404727537699921e-01
-2.037962037962037787e-01 9.364645677782094113e-01
-2.017982017982018483e-01 9.367855720185159774e-01
-1.998001998001998070e-01 9.371034837522115302e-01
-1.978021978021978766e-01 9.374183012538315207e-01
-1.958041958041958353e-01 9.377300227956641976e-01
-1.938061938061937939e-01 9.380386466484336161e-01
-1.918081918081918635e-01 9.383441710819946380e-01
-1.898101898101898222e-01 9.386465943660238231e-01
-1.878121878121878918e-01 9.389459147706854525e-01
-1.858141858141858505e-01 9.392421305672964404e-01
-1.838161838161838091e-01 9.395352400289281869e-01
-1.818181818181818787e-01 9.398252414310763747e-01
-1.798201798201798374e-01 9.401121330522687058e-01
-1.778221778221779070e-01 9.403959131746225664e-01
-1.758241758241758657e-01 9.406765800844957282e-01
-1.738261738261738243e-01 9.409541320730484548e-01
-1.718281718281718939e-01 9.412285674367719679e-01
-1.698301698301698526e-01 9.414998844780997356e-01
-1.678321678321678112e-01 9.417680815059185084e-01
-1.658341658341658809e-01 9.420331568360914565e-01
-1.638361638361638395e-01 9.422951087920430346e-01
-1.618381618381619091e-01 9.425539357051543332e-01
-1.598401598401598678e-01 9.428096359154051198e-01
-1.578421578421578264e-01 9.430622077717459861e-01
-1.558441558441558961e-01 9.433116496326462430e-01
-1.538461538461538547e-01 9.435579598665474466e-01
-1.518481518481519243e-01 9.438011368523200328e-01
-1.498501498501498830e-01 9.440411789797045206e-01
-1.478521478521478416e-01 9.442780846497839109e-01
-1.458541458541459113e-01 9.445118522753782608e-01
-1.438561438561438699e-01 9.447424802815108658e-01
-1.418581418581419396e-01 9.449699671057671946e-01
-1.398601398601398982e-01 9.451943111987750612e-01
-1.378621378621378568e-01 9.454155110245037186e-01
-1.358641358641359265e-01 9.456335650607546883e-01
-1.338661338661338851e-01 9.458484717994789515e-01
-1.318681318681319548e-01 9.460602297471555344e-01
-1.298701298701299134e-01 9.462688374251639889e-01
-1.278721278721278720e-01 9.464742933701444372e-01
-1.258741258741259417e-01 9.466765961343482916e-01
-1.238761238761239003e-01 9.468757442859463413e-01
-1.218781218781218589e-01 9.470717364094118906e-01
-1.198801198801199286e-01 9.472645711057925411e-01
-1.178821178821178872e-01 9.474542469930774535e-01
-1.158841158841159569e-01 9.476407627064707961e-01
-1.138861138861139155e-01 9.478241168986973886e-01
-1.118881118881118741e-01 9.480043082403282195e-01
-1.098901098901099438e-01 9.481813354200370192e-01
-1.078921078921079024e-01 9.483551971449083462e-01
-1.058941058941059721e-01 9.485258921406830579e-01
-1.038961038961039307e-01 9.486934191520600690e-01
-1.018981018981018893e-01 9.488577769429352715e-01
-9.990009990009995899e-02 9.490189642966684325e-01
-9.790209790209791763e-02 9.491769800163327719e-01
-9.590409590409598728e-02 9.493318229249414486e-01
-9.390609390609394591e-02 9.494834918657216738e-01
-9.190809190809190454e-02 9.496319857023038935e-01
-8.991008991008997420e-02 9.497773033189803593e-01
-8.791208791208793283e-02 9.499194436208970860e-01
-8.591408591408600248e-02 9.500584055342821133e-01
-8.391608391608396111e-02 9.501941880066744339e-01
-8.191808191808191975e-02 9.503267900070635488e-01
-7.992007992007998940e-02 9.504562105261662452e-01
-7.792207792207794803e-02 9.505824485765411724e-01
-7.592407592407590666e-02 9.507055031928297595e-01
-7.392607392607397632e-02 9.508253734319197514e-01
-7.192807192807193495e-02 9.509420583731024168e-01
-6.993006993007000460e-02 9.510555571182532919e-01
-6.793206793206796323e-02 9.511658687920175881e-01
-6.593406593406592187e-02 9.512729925419287635e-01
-6.393606393606399152e-02 9.513769275386037005e-01
-6.193806193806195015e-02 9.514776729758573914e-01
-5.994005994006001981e-02 9.515752280708691391e-01
-5.794205794205797844e-02 9.516695920643036821e-01
-5.594405594405593707e-02 9.517607642204657381e-01
-5.394605394605400672e-02 9.518487438274096935e-01
-5.194805194805196535e-02 9.519335301970754948e-01
-4.995004995005003501e-02 9.520151226654102183e-01
-4.795204795204799364e-02 9.520935205924720979e-01
-4.595404595404595227e-02 9.521687233625433233e-01
-4.395604395604402193e-02 9.522407303842457260e-01
-4.195804195804198056e-02 9.523095410906496916e-01
-3.996003996004005021e-02 9.523751549393174587e-01
-3.796203796203800884e-02 9.524375714124545533e-01
-3.596403596403596747e-02 9.524967900169899471e-01
-3.396603396603403713e-02 9.525528102846363421e-01
-3.196803196803199576e-02 9.526056317719550082e-01
-2.997002997002995439e-02 9.526552540604839026e-01
-2.797202797202802405e-02 9.527016767567582090e-01
-2.597402597402598268e-02 9.527448994924073711e-01
-2.397602397602405233e-02 9.527849219241870671e-01
-2.197802197802201096e-02 9.528217437340505969e-01
-1.998001998001996959e-02 9.528553646292210466e-01
-1.798201798201803925e-02 9.528857843422113838e-01
-1.598401598401599788e-02 9.529130026308587631e-01
-1.398601398601406753e-02 9.529370192784097915e-01
-1.198801198801202617e-02 9.529578340935123126e-01
-9.990009990009984797e-03 9.529754469102853509e-01
-7.992007992008054451e-03 9.529898575882932432e-01
-5.994005994006013083e-03 9.530010660126251310e-01
-3.996003996004082737e-03 9.530090720938684257e-01
-1.998001998002041368e-03 9.530138757681657635e-01
0.000000000000000000e+00 9.530154769971957984e-01
1.998001998002041368e-03 9.530138757681657635e-01
3.996003996003971714e-03 9.530090720938684257e-01
5.994005994005902060e-03 9.530010660126249089e-01
7.992007992008054451e-03 9.529898575882932432e-01
9.990009990009984797e-03 9.529754469102853509e-01
1.198801198801191514e-02 9.529578340935123126e-01
1.398601398601384549e-02 9.529370192784097915e-01
1.598401598401599788e-02 9.529130026308587631e-01
1.798201798201792823e-02 9.528857843422113838e-01
1.998001998001985857e-02 9.528553646292210466e-01
2.197802197802201096e-02 9.528217437340505969e-01
2.397602397602394131e-02 9.527849219241870671e-01
2.597402597402587165e-02 9.527448994924073711e-01
2.797202797202802405e-02 9.527016767567582090e-01
2.997002997002995439e-02 9.526552540604839026e-01
3.196803196803188474e-02 9.526056317719550082e-01
3.396603396603403713e-02 9.525528102846363421e-01
3.596403596403596747e-02 9.524967900169899471e-01
3.796203796203789782e-02 9.524375714124545533e-01
3.996003996003982817e-02 9.523751549393172366e-01
4.195804195804198056e-02 9.523095410906496916e-01
4.395604395604391090e-02 9.522407303842457260e-01
4.595404595404584125e-02 9.521687233625433233e-01
4.795204795204799364e-02 9.520935205924720979e-01
4.995004995004992399e-02 9.520151226654102183e-01
5.194805194805185433e-02 9.519335301970754948e-01
5.394605394605400672e-02 9.518487438274096935e-01
5.594405594405593707e-02 9.517607642204657381e-01
5.794205794205786741e-02 9.516695920643034601e-01
5.994005994005979776e-02 9.515752280708691391e-01
6.193806193806195015e-02 9.514776729758573914e-01
6.393606393606388050e-02 9.513769275386037005e-01
6.593406593406581084e-02 9.512729925419287635e-01
6.793206793206796323e-02 9.511658687920175881e-01
6.993006993006989358e-02 9.510555571182532919e-01
7.192807192807182393e-02 9.509420583731024168e-01
7.392607392607397632e-02 9.508253734319197514e-01
7.592407592407590666e-02 9.507055031928297595e-01
7.792207792207783701e-02 9.505824485765411724e-01
7.992007992007998940e-02 9.504562105261662452e-01
8.191808191808191975e-02 9.503267900070635488e-01
8.391608391608385009e-02 9.501941880066744339e-01
8.591408591408578044e-02 9.500584055342821133e-01
8.791208791208793283e-02 9.499194436208970860e-01
8.991008991008986317e-02 9.497773033189803593e-01
9.190809190809179352e-02 9.496319857023036715e-01
9.390609390609394591e-02 9.494834918657216738e-01
9.590409590409587626e-02 9.493318229249414486e-01
9.790209790209780660e-02 9.491769800163327719e-01
9.990009990009995899e-02 9.490189642966684325e-01
1.018981018981018893e-01 9.488577769429352715e-01
1.038961038961038197e-01 9.486934191520600690e-01
1.058941058941057500e-01 9.485258921406830579e-01
1.078921078921079024e-01 9.483551971449083462e-01
1.098901098901098328e-01 9.481813354200372412e-01
1.118881118881117631e-01 9.480043082403282195e-01
1.138861138861139155e-01 9.478241168986973886e-01
1.158841158841158459e-01 9.476407627064707961e-01
1.178821178821177762e-01 9.474542469930812283e-01
1.198801198801199286e-01 9.472645711057925411e-01
1.218781218781218589e-01 9.470717364094118906e-01
1.238761238761237893e-01 9.468757442859467854e-01
1.258741258741259417e-01 9.466765961343482916e-01
1.278721278721278720e-01 9.464742933701444372e-01
1.298701298701298024e-01 9.462688374251639889e-01
1.318681318681317327e-01 9.460602297471555344e-01
1.338661338661338851e-01 9.458484717994789515e-01
1.358641358641358154e-01 9.456335650607546883e-01
1.378621378621377458e-01 9.454155110245037186e-01
1.398601398601398982e-01 9.451943111987750612e-01
1.418581418581418285e-01 9.449699671057671946e-01
1.438561438561437589e-01 9.447424802815106437e-01
1.458541458541459113e-01 9.445118522753782608e-01
1.478521478521478416e-01 9.442780846497839109e-01
1.498501498501497720e-01 9.440411789797042985e-01
1.518481518481519243e-01 9.438011368523200328e-01
1.538461538461538547e-01 9.435579598665474466e-01
1.558441558441557850e-01 9.433116496326462430e-01
1.578421578421577154e-01 9.430622077717459861e-01
1.598401598401598678e-01 9.428096359154051198e-01
1.618381618381617981e-01 9.425539357051543332e-01
1.638361638361637285e-01 9.422951087920430346e-01
1.658341658341658809e-01 9.420331568360914565e-01
1.678321678321678112e-01 9.417680815059185084e-01
1.698301698301697416e-01 9.414998844780997356e-01
1.718281718281718939e-01 9.412285674367719679e-01
1.738261738261738243e-01 9.409541320730484548e-01
1.758241758241757546e-01 9.406765800844957282e-01
1.778221778221776850e-01 9.403959131746223443e-01
1.798201798201798374e-01 9.401121330522687058e-01
1.818181818181817677e-01 9.398252414310763747e-01
1.838161838161836981e-01 9.395352400289281869e-01
1.858141858141858505e-01 9.392421305672964404e-01
1.878121878121877808e-01 9.389459147706854525e-01
1.898101898101897111e-01 9.386465943660238231e-01
1.918081918081918635e-01 9.383441710819946380e-01
1.938061938061937939e-01 9.380386466484336161e-01
1.958041958041957242e-01 9.377300227956641976e-01
1.978021978021978766e-01 9.374183012538315207e-01
1.998001998001998070e-01 9.371034837522115302e-01
2.017982017982017373e-01 9.367855720185159774e-01
2.037962037962036677e-01 9.364645677782094113e-01
2.057942057942058200e-01 9.361404727537699921e-01
2.077922077922077504e-01 9.358132886639560777e-01
2.097902097902096807e-01 9.354830172230300667e-01
2.117882117882118331e-01 9.351496601400420827e-01
2.137862137862137635e-01 9.348132191180023032e-01
2.157842157842156938e-01 9.344736958531064674e-01
2.177822177822178462e-01 9.341310920339062074e-01
2.197802197802197766e-01 9.337854093405061340e-01
2.217782217782217069e-01 9.334366494436702189e-01
2.237762237762236373e-01 9.330848140040256533e-01
2.257742257742257896e-01 9.327299046711025055e-01
2.277722277722277200e-01 9.323719230825074922e-01
2.297702297702296503e-01 9.320108708629450955e-01
2.317682317682318027e-01 9.316467496233455936e-01
2.337662337662337331e-01 9.312795609598542024e-01
2.357642357642356634e-01 9.309093064528876083e-01
2.377622377622378158e-01 9.305359876661445373e-01
2.397602397602397462e-01 9.301596061455938980e-01
2.417582417582416765e-01 9.297801634184262864e-01
2.437562437562438289e-01 9.293976609920127085e-01
2.457542457542457592e-01 9.290121003528372112e-01
2.477522477522476896e-01 9.286234829653954304e-01
2.497502497502496199e-01 9.282318102710903629e-01
2.517482517482517723e-01 9.278370836870668548e-01
2.537462537462537027e-01 9.274393046050923850e-01
2.557442557442556330e-01 9.270384743903278268e-01
2.577422577422577854e-01 9.266345943801596041e-01
2.597402597402597157e-01 9.262276658829503573e-01
2.617382617382616461e-01 9.258176901767865008e-01
2.637362637362637985e-01 9.254046685082001344e-01
2.657342657342657288e-01 9.249886020908549833e-01
2.677322677322676592e-01 9.245694921042365566e-01
2.697302697302695895e-01 9.241473396922722516e-01
2.717282717282717419e-01 9.237221459619642250e-01
2.737262737262736723e-01 9.232939119819508766e-01
2.757242757242756026e-01 9.228626387811253995e-01
2.777222777222777550e-01 9.224283273470920141e-01
2.797202797202796853e-01 9.219909786247302286e-01
2.817182817182816157e-01 9.215505935146344196e-01
2.837162837162837681e-01 9.211071728715921614e-01
2.857142857142856984e-01 9.206607175029399848e-01
2.877122877122876288e-01 9.202112281670118410e-01
2.897102897102897812e-01 9.197587055714350202e-01
2.917082917082917115e-01 9.193031503714761410e-01
2.937062937062936419e-01 9.188445631683404002e-01
2.957042957042955722e-01 9.183829445073574682e-01
2.977022977022977246e-01 9.179182948762776295e-01
2.997002997002996549e-01 9.174506147033947290e-01
3.016983016983015853e-01 9.169799043557183005e-01
3.036963036963037377e-01 9.165061641370648715e-01
3.056943056943056680e-01 9.160293942861602590e-01
3.076923076923075984e-01 9.155495949746111917e-01
3.096903096903097508e-01 9.150667663049761869e-01
3.116883116883116811e-01 9.145809083086626767e-01
3.136863136863136114e-01 9.140920209438512245e-01
3.156843156843155418e-01 9.136001040933948714e-01
3.176823176823176942e-01 9.131051575626119021e-01
3.196803196803196245e-01 9.126071810771079207e-01
3.216783216783215549e-01 9.121061742804993377e-01
3.236763236763237073e-01 9.116021367321097690e-01
3.256743256743256376e-01 9.110950679046526668e-01
3.276723276723275680e-01 9.105849671818030400e-01
3.296703296703297204e-01 9.100718338557680642e-01
3.316683316683316507e-01 9.095556671248202774e-01
3.336663336663335810e-01 9.090364660907531702e-01
3.356643356643357334e-01 9.085142297562409652e-01
3.376623376623376638e-01 9.079889570223127482e-01
3.396603396603395941e-01 9.074606466855480447e-01
3.416583416583415245e-01 9.069292974354068448e-01
3.436563436563436769e-01 9.063949078513831026e-01
3.456543456543456072e-01 9.058574764001996460e-01
3.476523476523475376e-01 9.053170014328534299e-01
3.496503496503496899e-01 9.047734811816933176e-01
3.516483516483516203e-01 9.042269137573523130e-01
3.536463536463535506e-01 9.036772971456812353e-01
3.556443556443557030e-01 9.031246292046246626e-01
3.576423576423576334e-01 9.025689076609548778e-01
3.596403596403595637e-01 9.020101301070583277e-01
3.616383616383614941e-01 9.014482939975615450e-01
3.636363636363636465e-01 9.008833966459569575e-01
3.656343656343655768e-01 9.003154352211041322e-01
3.676323676323675071e-01 8.997444067437019299e-01
3.696303696303696595e-01 8.991703080826809469e-01
3.716283716283715899e-01 8.985931359515153538e-01
3.736263736263735202e-01 8.980128869044954332e-01
3.756243756243756726e-01 8.974295573328590070e-01
3.776223776223776030e-01 8.968431434609042130e-01
3.796203796203795333e-01 8.962536413420404413e-01
3.816183816183816857e-01 8.956610468546611914e-01
3.836163836163836161e-01 8.950653556980545655e-01
3.856143856143855464e-01 8.944665633881802025e-01
3.876123876123874767e-01 8.938646652533197567e-01
3.896103896103896291e-01 8.932596564297320407e-01
3.916083916083915595e-01 8.926515318571370816e-01
3.936063936063934898e-01 8.920402862741854122e-01
3.956043956043956422e-01 8.914259142137542780e-01
3.976023976023975726e-01 8.908084099982248594e-01
3.996003996003995029e-01 8.901877677346349271e-01
4.015984015984016553e-01 8.895639813097283577e-01
4.035964035964035856e-01 8.889370443849063941e-01
4.055944055944055160e-01 8.883069503911130704e-01
4.075924075924074463e-01 8.876736925235594322e-01
4.095904095904095987e-01 8.870372637363895807e-01
4.115884115884115291e-01 8.863976567372485738e-01
4.135864135864134594e-01 8.857548639816951175e-01
4.155844155844156118e-01 8.851088776675221093e-01
4.175824175824175422e-01 8.844596897289893622e-01
4.195804195804194725e-01 8.838072918309187731e-01
4.215784215784216249e-01 8.831516753626708072e-01
4.235764235764235552e-01 8.824928314320118483e-01
4.255744255744254856e-01 8.818307508588419941e-01
4.275724275724276380e-01 8.811654241688358091e-01
4.295704295704295683e-01 8.804968415869085518e-01
4.315684315684314987e-01 8.798249930305670485e-01
4.335664335664334290e-01 8.791498681031505447e-01
4.355644355644355814e-01 8.784714560869397726e-01
4.375624375624375118e-01 8.777897459360611832e-01
4.395604395604394421e-01 8.771047262693429936e-01
4.415584415584415945e-01 8.764163853629814982e-01
4.435564435564435248e-01 8.757247111430163100e-01
4.455544455544454552e-01 8.750296911777718512e-01
4.475524475524476076e-01 8.743313126700357207e-01
4.495504495504495379e-01 8.736295624491419165e-01
4.515484515484514683e-01 8.729244269628750885e-01
4.535464535464536207e-01 8.722158922692072602e-01
4.555444555444555510e-01 8.715039440279186422e-01
4.575424575424574813e-01 8.707885674919583208e-01
4.595404595404594117e-01 8.700697474987151292e-01
4.615384615384615641e-01 8.693474684611192105e-01
4.635364635364634944e-01 8.686217143584461509e-01
4.655344655344654248e-01 8.678924687271101224e-01
4.675324675324675772e-01 8.671597146511457188e-01
4.695304695304695075e-01 8.664234347525562319e-01
4.715284715284714379e-01 8.656836111814298906e-01
4.735264735264735902e-01 8.649402256059013361e-01
4.755244755244755206e-01 8.641932592019087034e-01
4.775224775224774509e-01 8.634426926426953530e-01
4.795204795204793813e-01 8.626885060881565037e-01
4.815184815184815337e-01 8.619306791739589357e-01
4.835164835164834640e-01 8.611691910004345418e-01
4.855144855144853944e-01 8.604040201212285188e-01
4.875124875124875468e-01 8.596351445318060058e-01
4.895104895104894771e-01 8.588625416576044502e-01
4.915084915084914075e-01 8.580861883420619618e-01
4.935064935064935598e-01 8.573060608343232580e-01
4.955044955044954902e-01 8.565221347767709714e-01
4.975024975024974205e-01 8.557343851922493139e-01
4.995004995004995729e-01 8.549427864710422709e-01
5.014985014985015033e-01 8.541473123576392990e-01
5.034965034965034336e-01 8.533479359371587414e-01
5.054945054945053640e-01 8.525446296215792863e-01
5.074925074925075164e-01 8.517373651356139330e-01
5.094905094905094467e-01 8.509261135023953315e-01
5.114885114885113770e-01 8.501108450287665486e-01
5.134865134865135294e-01 8.492915292903764346e-01
5.154845154845154598e-01 8.484681351164231611e-01
5.174825174825173901e-01 8.476406305740868952e-01
5.194805194805195425e-01 8.468089829526829204e-01
5.214785214785214729e-01 8.459731587474712544e-01
5.234765234765234032e-01 8.451331236431463001e-01
5.254745254745253336e-01 8.442888424970285133e-01
5.274725274725274859e-01 8.434402793218421790e-01
5.294705294705294163e-01 8.425873972682357271e-01
5.314685314685313466e-01 8.417301586069029229e-01
5.334665334665334990e-01 8.408685247103439009e-01
5.354645354645354294e-01 8.400024560342763680e-01
5.374625374625373597e-01 8.391319120986833191e-01
5.394605394605395121e-01 8.382568514684236582e-01
5.414585414585414425e-01 8.373772317335557158e-01
5.434565434565433728e-01 8.364930094891479539e-01
5.454545454545455252e-01 8.356041403147954627e-01
5.474525474525474555e-01 8.347105787536357457e-01
5.494505494505493859e-01 8.338122782909856978e-01
5.514485514485513162e-01 8.329091913325603613e-01
5.534465534465534686e-01 8.320012691822188389e-01
5.554445554445553990e-01 8.310884620193004224e-01
5.574425574425573293e-01 8.301707188754942068e-01
5.594405594405594817e-01 8.292479876111930048e-01
5.614385614385614121e-01 8.283202148914809992e-01
5.634365634365633424e-01 8.273873461615243174e-01
5.654345654345654948e-01 8.264493256215501571e-01
5.674325674325674251e-01 8.255060962012840120e-01
5.694305694305693555e-01 8.245575995338880748e-01
5.714285714285712858e-01 8.236037759293389771e-01
5.734265734265734382e-01 8.226445643473336844e-01
5.754245754245753686e-01 8.216799023696250703e-01
5.774225774225772989e-01 8.207097261717601899e-01
5.794205794205794513e-01 8.197339704943086280e-01
5.814185814185813816e-01 8.187525686135026515e-01
5.834165834165833120e-01 8.177654523112269924e-01
5.854145854145854644e-01 8.167725518445245747e-01
5.874125874125873947e-01 8.157737959143458450e-01
5.894105894105893251e-01 8.147691116337795192e-01
5.914085914085914775e-01 8.137584244956039825e-01
5.934065934065934078e-01 8.127416583391866567e-01
5.954045954045953382e-01 8.117187353167154562e-01
5.974025974025972685e-01 8.106895758587595591e-01
5.994005994005994209e-01 8.096540986391392858e-01
6.013986013986013512e-01 8.086122205390663398e-01
6.033966033966032816e-01 8.075638566106136951e-01
6.053946053946054340e-01 8.065089200393720237e-01
6.073926073926073643e-01 8.054473221064469834e-01
6.093906093906092947e-01 8.043789721496232836e-01
6.113886113886114471e-01 8.033037775237596989e-01
6.133866133866133774e-01 8.022216435604185847e-01
6.153846153846153078e-01 8.011324735266566188e-01
6.173826173826172381e-01 8.000361685829933123e-01
6.193806193806193905e-01 7.989326277405097709e-01
6.213786213786213208e-01 7.978217478171575339e-01
6.233766233766232512e-01 7.967034233930709863e-01
6.253746253746254036e-01 7.955775467651109434e-01
6.273726273726273339e-01 7.944440079004009281e-01
6.293706293706292643e-01 7.933026943889283089e-01
6.313686313686314167e-01 7.921534913952833490e-01
6.333666333666333470e-01 7.909962816093162319e-01
6.353646353646352773e-01 7.898309451958540617e-01
6.373626373626374297e-01 7.886573597434317628e-01
6.393606393606393601e-01 7.874754002119012108e-01
6.413586413586412904e-01 7.862849388791007810e-01
6.433566433566432208e-01 7.850858452863649362e-01
6.453546453546453732e-01 7.838779861829606732e-01
6.473526473526473035e-01 7.826612254694382820e-01
6.493506493506492339e-01 7.814354241397746259e-01
6.513486513486513863e-01 7.802004402224207436e-01
6.533466533466533166e-01 7.789561287201065554e-01
6.553446553446552469e-01 7.777023415484790592e-01
6.573426573426573993e-01 7.764389274734878610e-01
6.593406593406593297e-01 7.751657320474767410e-01
6.613386613386612600e-01 7.738825975440418725e-01
6.633366633366634124e-01 7.725893628915314615e-01
6.653346653346653428e-01 7.712858636052495331e-01
6.673326673326672731e-01 7.699719317182615042e-01
6.693306693306692035e-01 7.686473957108179711e-01
6.713286713286713558e-01 7.673120804383544158e-01
6.733266733266732862e-01 7.659658070580277478e-01
6.753246753246752165e-01 7.646083929538172175e-01
6.773226773226773689e-01 7.632396516600417069e-01
6.793206793206792993e-01 7.618593927834247381e-01
6.813186813186812296e-01 7.604674219235093569e-01
6.833166833166833820e-01 7.590635405915191480e-01
6.853146853146853124e-01 7.576475461275723466e-01
6.873126873126872427e-01 7.562192316162181793e-01
6.893106893106891730e-01 7.547783858002643509e-01
6.913086913086913254e-01 7.533247929928951203e-01
6.933066933066932558e-01 7.518582329880321158e-01
6.953046953046951861e-01 7.503784809687989998e-01
6.973026973026973385e-01 7.488853074142498567e-01
6.993006993006992689e-01 7.473784780041451414e-01
7.012987012987011992e-01 7.458577535218612331e-01
7.032967032967033516e-01 7.443228897552987000e-01
7.052947052947052820e-01 7.427736373958038207e-01
7.072927072927072123e-01 7.412097419350668348e-01
7.092907092907093647e-01 7.396309435599451865e-01
7.112887112887112950e-01 7.380369770451498113e-01
7.132867132867132254e-01 7.364275716437473918e-01
7.152847152847151557e-01 7.348024509755349820e-01
7.172827172827173081e-01 7.331613329130601819e-01
7.192807192807192385e-01 7.315039294654390734e-01
7.212787212787211688e-01 7.298299466597465424e-01
7.232767232767233212e-01 7.281390844200806844e-01
7.252747252747252515e-01 7.264310364441760592e-01
7.272727272727271819e-01 7.247054900774815289e-01
7.292707292707293343e-01 7.229621261847635205e-01
7.312687312687312646e-01 7.212006190190999311e-01
7.332667332667331950e-01 7.194206360881869600e-01
7.352647352647351253e-01 7.176218380180418022e-01
7.372627372627372777e-01 7.158038784138491817e-01
7.392607392607392081e-01 7.139664037181134848e-01
7.412587412587411384e-01 7.121090530658389373e-01
7.432567432567432908e-01 7.102314581368691648e-01
7.452547452547452211e-01 7.083332430052550199e-01
7.472527472527471515e-01 7.064140239854863612e-01
7.492507492507493039e-01 7.044734094757599818e-01
7.512487512487512342e-01 7.025109997979706034e-01
7.532467532467531646e-01 7.005263870345405097e-01
7.552447552447553170e-01 6.985191548619453794e-01
7.572427572427572473e-01 6.964888783808695916e-01
7.592407592407591777e-01 6.944351239429330525e-01
7.612387612387611080e-01 6.923574489739660054e-01
7.632367632367632604e-01 6.902554017936572972e-01
7.652347652347651907e-01 6.881285214316098520e-01
7.672327672327671211e-01 6.859763374396686819e-01
7.692307692307692735e-01 6.837983697004692552e-01
7.712287712287712038e-01 6.815941282321322792e-01
7.732267732267731342e-01 6.793631129889866616e-01
7.752247752247752866e-01 6.771048136583204258e-01
7.772227772227772169e-01 6.748187094529805030e-01
7.792207792207791472e-01 6.725042688998522644e-01
7.812187812187810776e-01 6.701609496239954167e-01
7.832167832167832300e-01 6.677881981285037627e-01
7.852147852147851603e-01 6.653854495698559024e-01
7.872127872127870907e-01 6.629521275287908466e-01
7.892107892107892431e-01 6.604876437765216934e-01
7.912087912087911734e-01 6.579913980362496195e-01
7.932067932067931038e-01 6.554627777398863708e-01
7.952047952047952561e-01 6.529011577797954047e-01
7.972027972027971865e-01 6.503059002556548229e-01
7.992007992007991168e-01 6.476763542160781650e-01
8.011988011988012692e-01 6.450118553950847655e-01
8.031968031968031996e-01 6.423117259432851167e-01
8.051948051948051299e-01 6.395752741535969399e-01
8.071928071928070603e-01 6.368017941814059224e-01
8.091908091908092127e-01 6.339905657591702326e-01
8.111888111888111430e-01 6.311408539051654998e-01
8.131868131868130734e-01 6.282519086264380936e-01
8.151848151848152257e-01 6.253229646156724941e-01
8.171828171828171561e-01 6.223532409420950984e-01
8.191808191808190864e-01 6.193419407359256335e-01
8.211788211788212388e-01 6.162882508666889247e-01
8.231768231768231692e-01 6.131913416148606633e-01
8.251748251748250995e-01 6.100503663369920559e-01
8.271728271728270299e-01 6.068644611240163744e-01
8.291708291708291823e-01 6.036327444527372910e-01
8.311688311688311126e-01 6.003543168301860300e-01
8.331668331668330429e-01 5.970282604308850827e-01
8.351648351648351953e-01 5.936536387267478121e-01
8.371628371628371257e-01 5.902294961095312376e-01
8.391608391608390560e-01 5.867548575056815707e-01
8.411588411588412084e-01 5.832287279833627824e-01
8.431568431568431388e-01 5.796500923516056947e-01
8.451548451548450691e-01 5.760179147513613263e-01
8.471528471528472215e-01 5.723311382382574308e-01
8.491508491508491518e-01 5.685886843570036042e-01
8.511488511488510822e-01 5.647894527071714021e-01
8.531468531468530125e-01 5.609323205001924828e-01
8.551448551448551649e-01 5.570161421074818486e-01
8.571428571428570953e-01 5.530397485993633344e-01
8.591408591408590256e-01 5.490019472747845741e-01
8.611388611388611780e-01 5.449015211814276505e-01
8.631368631368631084e-01 5.407372286262693839e-01
8.651348651348650387e-01 5.365078026761435082e-01
8.671328671328671911e-01 5.322119506483088403e-01
8.691308691308691214e-01 5.278483535906943747e-01
8.711288711288710518e-01 5.234156657516829680e-01
8.731268731268729821e-01 5.189125140391537272e-01
8.751248751248751345e-01 5.143374974686896195e-01
8.771228771228770649e-01 5.096891866005593963e-01
8.791208791208789952e-01 5.049661229653865657e-01
8.811188811188811476e-01 5.001668184782375182e-01
8.831168831168830780e-01 4.952897548408456974e-01
8.851148851148850083e-01 4.903333829318256565e-01
8.871128871128871607e-01 4.852961221845383810e-01
8.891108891108890910e-01 4.801763599524338511e-01
8.911088911088910214e-01 4.749724508615498775e-01
8.931068931068931738e-01 4.696827161500010117e-01
8.951048951048951041e-01 4.643054429940750016e-01
8.971028971028970345e-01 4.588388838207879128e-01
8.991008991008989648e-01 4.532812556064979570e-01
9.010989010989011172e-01 4.476307391614957609e-01
9.030969030969030475e-01 4.418854783999566771e-01
9.050949050949049779e-01 4.360435795953656046e-01
9.070929070929071303e-01 4.301031106207944821e-01
9.090909090909090606e-01 4.240621001738681395e-01
9.110889110889109910e-01 4.179185369861385113e-01
9.130869130869131434e-01 4.116703690164350005e-01
9.150849150849150737e-01 4.053155026279905426e-01
9.170829170829170041e-01 3.988518017489495193e-01
9.190809190809189344e-01 3.922770870159081880e-01
9.210789210789210868e-01 3.855891349002014690e-01
9.230769230769230171e-01 3.787856768165628885e-01
9.250749250749249475e-01 3.718643982137756487e-01
9.270729270729270999e-01 3.648229376469755980e-01
9.290709290709290302e-01 3.576588858312455543e-01
9.310689310689309606e-01 3.503697846761041346e-01
9.330669330669331130e-01 3.429531263005113351e-01
9.350649350649350433e-01 3.354063520280038402e-01
9.370629370629369737e-01 3.277268513615419487e-01
9.390609390609391260e-01 3.199119609376633866e-01
9.410589410589410564e-01 3.119589634595605898e-01
9.430569430569429867e-01 3.038650866085882973e-01
9.450549450549449171e-01 2.956275019338466259e-01
9.470529470529470695e-01 2.872433237193053324e-01
9.490509490509489998e-01 2.787096078281267597e-01
9.510489510489509302e-01 2.700233505236121490e-01
9.530469530469530826e-01 2.611814872663795195e-01
9.550449550449550129e-01 2.521808914872951668e-01
9.570429570429569432e-01 2.430183733355543163e-01
9.590409590409590956e-01 2.336906784016378746e-01
9.610389610389610260e-01 2.241944864143282645e-01
9.630369630369629563e-01 2.145264099116079015e-01
9.650349650349651087e-01 2.046829928845690372e-01
9.670329670329670391e-01 1.946607093940855293e-01
9.690309690309689694e-01 1.844559621594925314e-01
9.710289710289708998e-01 1.740650811188532154e-01
9.730269730269730521e-01 1.634843219600529418e-01
9.750249750249749825e-01 1.527098646223887246e-01
9.770229770229769128e-01 1.417378117678551319e-01
9.790209790209790652e-01 1.305641872215413668e-01
9.810189810189809956e-01 1.191849343806311440e-01
9.830169830169829259e-01 1.075959145912418896e-01
9.850149850149850783e-01 9.579290549254536324e-02
9.870129870129870087e-01 8.377159932741977399e-02
9.890109890109889390e-01 7.152760121905915591e-02
9.910089910089908694e-01 5.905642741281980773e-02
9.930069930069930217e-01 4.635350348247008201e-02
9.950049950049949521e-01 3.341416250041352731e-02
9.970029970029968824e-01 2.023364317065638740e-02
9.990009990009990348e-01 6.807087836979792625e-03
