-9.990009990009990348e-01 5.334847866513150495e-03
-9.970029970029969935e-01 1.595828769424688376e-02
-9.950049950049950631e-01 2.652090070598308452e-02
-9.930069930069930217e-01 3.702288403023545199e-02
-9.910089910089910914e-01 4.746446057551791803e-02
-9.890109890109890500e-01 5.784586025194829451e-02
-9.870129870129870087e-01 6.816731499489868396e-02
-9.850149850149850783e-01 7.842905746093027652e-02
-9.830169830169830369e-01 8.863132059396357232e-02
-9.810189810189811066e-01 9.877433745168999468e-02
-9.790209790209790652e-01 1.088583411249883226e-01
-9.770229770229770239e-01 1.188835646953073366e-01
-9.750249750249750935e-01 1.288502412092569493e-01
-9.730269730269730521e-01 1.387586036616411944e-01
-9.710289710289710108e-01 1.486088849829265979e-01
-9.690309690309690804e-01 1.584013180291783673e-01
-9.670329670329670391e-01 1.681361355734289076e-01
-9.650349650349651087e-01 1.778135702979149191e-01
-9.630369630369630674e-01 1.874338547868666938e-01
-9.610389610389610260e-01 1.969972215196420240e-01
-9.590409590409590956e-01 2.065039028641133811e-01
-9.570429570429570543e-01 2.159541310702136896e-01
-9.550449550449551239e-01 2.253481382635948160e-01
-9.530469530469530826e-01 2.346861564393842026e-01
-9.510489510489510412e-01 2.439684174559983154e-01
-9.490509490509491108e-01 2.531951530290143526e-01
-9.470529470529470695e-01 2.623665947250770070e-01
-9.450549450549451391e-01 2.714829739558474730e-01
-9.430569430569430978e-01 2.805445219719768235e-01
-9.410589410589410564e-01 2.895514698571154399e-01
-9.390609390609391260e-01 2.985040485219351836e-01
-9.370629370629370847e-01 3.074024886981848170e-01
-9.350649350649351543e-01 3.162470209327655768e-01
-9.330669330669331130e-01 3.250378755818183474e-01
-9.310689310689310716e-01 3.337752828048565212e-01
-9.290709290709291412e-01 3.424594725588847588e-01
-9.270729270729270999e-01 3.510906745925682082e-01
-9.250749250749250585e-01 3.596691184404161579e-01
-9.230769230769231282e-01 3.681950334169694639e-01
-9.210789210789210868e-01 3.766686486110337739e-01
-9.190809190809191564e-01 3.850901928799175256e-01
-9.170829170829171151e-01 3.934598948436971444e-01
-9.150849150849150737e-01 4.017779828795068342e-01
-9.130869130869131434e-01 4.100446851158455752e-01
-9.110889110889111020e-01 4.182602294269135434e-01
-9.090909090909091717e-01 4.264248434269646837e-01
-9.070929070929071303e-01 4.345387544646930333e-01
-9.050949050949050889e-01 4.426021896176263737e-01
-9.030969030969031586e-01 4.506153756865648452e-01
-9.010989010989011172e-01 4.585785391900332186e-01
-8.991008991008990758e-01 4.664919063587543713e-01
-8.971028971028971455e-01 4.743557031301609550e-01
-8.951048951048951041e-01 4.821701551429271593e-01
-8.931068931068931738e-01 4.899354877315199586e-01
-8.911088911088911324e-01 4.976519259207932699e-01
-8.891108891108892021e-01 5.053196944205952112e-01
-8.871128871128871607e-01 5.129390176204130514e-01
-8.851148851148851193e-01 5.205101195840382555e-01
-8.831168831168831890e-01 5.280332240442660030e-01
-8.811188811188811476e-01 5.355085543976331186e-01
-8.791208791208791062e-01 5.429363336991570588e-01
-8.771228771228771759e-01 5.503167846571372923e-01
-8.751248751248751345e-01 5.576501296279645636e-01
-8.731268731268730932e-01 5.649365906109802271e-01
-8.711288711288711628e-01 5.721763892433409104e-01
-8.691308691308692325e-01 5.793697467949419089e-01
-8.671328671328671911e-01 5.865168841633614516e-01
-8.651348651348651497e-01 5.936180218688283938e-01
-8.631368631368632194e-01 6.006733800492282116e-01
-8.611388611388611780e-01 6.076831784551628424e-01
-8.591408591408591366e-01 6.146476364450024210e-01
-8.571428571428572063e-01 6.215669729800080701e-01
-8.551448551448551649e-01 6.284414066194818904e-01
-8.531468531468531236e-01 6.352711555159189505e-01
-8.511488511488511932e-01 6.420564374102430971e-01
-8.491508491508491518e-01 6.487974696270485397e-01
-8.471528471528472215e-01 6.554944690698756293e-01
-8.451548451548451801e-01 6.621476522165389289e-01
-8.431568431568432498e-01 6.687572351144701610e-01
-8.411588411588412084e-01 6.753234333761244379e-01
-8.391608391608391671e-01 6.818464621743951515e-01
-8.371628371628372367e-01 6.883265362380862618e-01
-8.351648351648351953e-01 6.947638698474108976e-01
-8.331668331668331540e-01 7.011586768295271499e-01
-8.311688311688312236e-01 7.075111705541292650e-01
-8.291708291708291823e-01 7.138215639290513836e-01
-8.271728271728271409e-01 7.200900693959135790e-01
-8.251748251748252105e-01 7.263168989258430575e-01
-8.231768231768232802e-01 7.325022640151740427e-01
-8.211788211788212388e-01 7.386463756812373660e-01
-8.191808191808191975e-01 7.447494444581647111e-01
-8.171828171828172671e-01 7.508116803927328275e-01
-8.151848151848152257e-01 7.568332930402650316e-01
-8.131868131868131844e-01 7.628144914605501370e-01
-8.111888111888112540e-01 7.687554842138155653e-01
-8.091908091908092127e-01 7.746564793567369822e-01
-8.071928071928071713e-01 7.805176844384887902e-01
-8.051948051948052409e-01 7.863393064968360324e-01
-8.031968031968031996e-01 7.921215520542718158e-01
-8.011988011988012692e-01 7.978646271141760504e-01
-7.992007992007992279e-01 8.035687371570505722e-01
-7.972027972027972975e-01 8.092340871367575961e-01
-7.952047952047952561e-01 8.148608814768310005e-01
-7.932067932067932148e-01 8.204493240668097043e-01
-7.912087912087912844e-01 8.259996182586282210e-01
-7.892107892107892431e-01 8.315119668630245320e-01
-7.872127872127872017e-01 8.369865721460246766e-01
-7.852147852147852714e-01 8.424236358254441059e-01
-7.832167832167832300e-01 8.478233590674365550e-01
-7.812187812187811886e-01 8.531859424830954275e-01
-7.792207792207792583e-01 8.585115861250915970e-01
-7.772227772227772169e-01 8.638004894843381853e-01
-7.752247752247752866e-01 8.690528514867347232e-01
-7.732267732267732452e-01 8.742688704899271857e-01
-7.712287712287713148e-01 8.794487442801011134e-01
-7.692307692307692735e-01 8.845926700688593325e-01
-7.672327672327672321e-01 8.897008444901023383e-01
-7.652347652347653018e-01 8.947734635969705197e-01
-7.632367632367632604e-01 8.998107228588316797e-01
-7.612387612387612190e-01 9.048128171583034174e-01
-7.592407592407592887e-01 9.097799407883193634e-01
-7.572427572427572473e-01 9.147122874492561451e-01
-7.552447552447553170e-01 9.196100502460745618e-01
-7.532467532467532756e-01 9.244734216855369224e-01
-7.512487512487513452e-01 9.293025936734333747e-01
-7.492507492507493039e-01 9.340977575118903919e-01
-7.472527472527472625e-01 9.388591038966899172e-01
-7.452547452547453322e-01 9.435868229146416875e-01
-7.432567432567432908e-01 9.482811040410255021e-01
-7.412587412587412494e-01 9.529421361370270516e-01
-7.392607392607393191e-01 9.575701074472642294e-01
-7.372627372627372777e-01 9.621652055973284323e-01
-7.352647352647352363e-01 9.667276175913935843e-01
-7.332667332667333060e-01 9.712575298098304888e-01
-7.312687312687313756e-01 9.757551280069107769e-01
-7.292707292707292233e-01 9.802205973085279522e-01
-7.272727272727272929e-01 9.846541222099628454e-01
-7.252747252747253626e-01 9.890558865737063554e-01
-7.232767232767233212e-01 9.934260736272889636e-01
-7.212787212787212798e-01 9.977648659612171622e-01
-7.192807192807193495e-01 1.002072445526892341e+00
-7.172827172827173081e-01 1.006348993634615052e+00
-7.152847152847152667e-01 1.010594690951592156e+00
-7.132867132867133364e-01 1.014809717500046560e+00
-7.112887112887112950e-01 1.018994252655273325e+00
-7.092907092907092537e-01 1.023148475143875524e+00
-7.072927072927073233e-01 1.027272563041904396e+00
-7.052947052947053930e-01 1.031366693773132948e+00
-7.032967032967033516e-01 1.035431044107345100e+00
-7.012987012987013102e-01 1.039465790158646596e+00
-6.993006993006993799e-01 1.043471107383858065e+00
-6.973026973026973385e-01 1.047447170580929177e+00
-6.953046953046952972e-01 1.051394153887369010e+00
-6.933066933066933668e-01 1.055312230778792992e+00
-6.913086913086913254e-01 1.059201574067413443e+00
-6.893106893106892841e-01 1.063062355900664224e+00
-6.873126873126873537e-01 1.066894747759799644e+00
-6.853146853146854234e-01 1.070698920458575065e+00
-6.833166833166832710e-01 1.074475044141943503e+00
-6.813186813186813406e-01 1.078223288284816839e+00
-6.793206793206794103e-01 1.081943821690855678e+00
-6.773226773226773689e-01 1.085636812491280523e+00
-6.753246753246753276e-01 1.089302428143777979e+00
-6.733266733266733972e-01 1.092940835431380320e+00
-6.713286713286713558e-01 1.096552200461430981e+00
-6.693306693306693145e-01 1.100136688664599793e+00
-6.673326673326673841e-01 1.103694464793873120e+00
-6.653346653346653428e-01 1.107225692923670346e+00
-6.633366633366633014e-01 1.110730536448917727e+00
-6.613386613386613710e-01 1.114209158084228823e+00
-6.593406593406594407e-01 1.117661719863086489e+00
-6.573426573426573993e-01 1.121088383137091693e+00
-6.553446553446553580e-01 1.124489308575178592e+00
-6.533466533466534276e-01 1.127864656162988144e+00
-6.513486513486513863e-01 1.131214585202182210e+00
-6.493506493506493449e-01 1.134539254309830270e+00
-6.473526473526474145e-01 1.137838821417836543e+00
-6.453546453546453732e-01 1.141113443772398650e+00
-6.433566433566433318e-01 1.144363277933506673e+00
-6.413586413586414015e-01 1.147588479774483083e+00
-6.393606393606394711e-01 1.150789204481556638e+00
-6.373626373626373187e-01 1.153965606553447154e+00
-6.353646353646353884e-01 1.157117839801057535e+00
-6.333666333666334580e-01 1.160246057347122273e+00
-6.313686313686314167e-01 1.163350411625927228e+00
-6.293706293706293753e-01 1.166431054383086030e+00
-6.273726273726274449e-01 1.169488136675313816e+00
-6.253746253746254036e-01 1.172521808870250704e+00
-6.233766233766233622e-01 1.175532220646331227e+00
-6.213786213786214319e-01 1.178519520992697300e+00
-6.193806193806193905e-01 1.181483858209088522e+00
-6.173826173826173491e-01 1.184425379905836184e+00
-6.153846153846154188e-01 1.187344233003856608e+00
-6.133866133866134884e-01 1.190240563734696666e+00
-6.113886113886114471e-01 1.193114517640555761e+00
-6.093906093906094057e-01 1.195966239574452139e+00
-6.073926073926074753e-01 1.198795873700304826e+00
-6.053946053946054340e-01 1.201603563493115256e+00
-6.033966033966033926e-01 1.204389451739177774e+00
-6.013986013986014623e-01 1.207153680536284135e+00
-5.994005994005994209e-01 1.209896391294020379e+00
-5.974025974025973795e-01 1.212617724734029734e+00
-5.954045954045954492e-01 1.215317820890352341e+00
-5.934065934065935188e-01 1.217996819109786966e+00
-5.914085914085913664e-01 1.220654858052272917e+00
-5.894105894105894361e-01 1.223292075691295278e+00
-5.874125874125875058e-01 1.225908609314369402e+00
-5.854145854145854644e-01 1.228504595523472132e+00
-5.834165834165834230e-01 1.231080170235594018e+00
-5.814185814185814927e-01 1.233635468683248471e+00
-5.794205794205794513e-01 1.236170625415037527e+00
-5.774225774225774099e-01 1.238685774296281572e+00
-5.754245754245754796e-01 1.241181048509591323e+00
-5.734265734265734382e-01 1.243656580555564606e+00
-5.714285714285713969e-01 1.246112502253435173e+00
-5.694305694305694665e-01 1.248548944741818101e+00
-5.674325674325675362e-01 1.250966038479389475e+00
-5.654345654345654948e-01 1.253363913245694627e+00
-5.634365634365634534e-01 1.255742698141931069e+00
-5.614385614385615231e-01 1.258102521591734968e+00
-5.594405594405594817e-01 1.260443511342044465e+00
-5.574425574425574403e-01 1.262765794463984292e+00
-5.554445554445555100e-01 1.265069497353702888e+00
-5.534465534465534686e-01 1.267354745733351162e+00
-5.514485514485514273e-01 1.269621664651989557e+00
-5.494505494505494969e-01 1.271870378486554598e+00
-5.474525474525475666e-01 1.274101010942871204e+00
-5.454545454545454142e-01 1.276313685056645886e+00
-5.434565434565434838e-01 1.278508523194521462e+00
-5.414585414585415535e-01 1.280685647055135545e+00
-5.394605394605395121e-01 1.282845177670197234e+00
-5.374625374625374707e-01 1.284987235405598893e+00
-5.354645354645355404e-01 1.287111939962555018e+00
-5.334665334665334990e-01 1.289219410378749986e+00
-5.314685314685314577e-01 1.291309765029502454e+00
-5.294705294705295273e-01 1.293383121628970844e+00
-5.274725274725274859e-01 1.295439597231385465e+00
-5.254745254745254446e-01 1.297479308232256656e+00
-5.234765234765235142e-01 1.299502370369642001e+00
-5.214785214785215839e-01 1.301508898725442176e+00
-5.194805194805195425e-01 1.303499007726681702e+00
-5.174825174825175012e-01 1.305472811146842105e+00
-5.154845154845155708e-01 1.307430422107169088e+00
-5.134865134865135294e-01 1.309371953078087181e+00
-5.114885114885114881e-01 1.311297515880505138e+00
-5.094905094905095577e-01 1.313207221687259896e+00
-5.074925074925075164e-01 1.315101181024523003e+00
-5.054945054945054750e-01 1.316979503773200388e+00
-5.034965034965035446e-01 1.318842299170422061e+00
-5.014985014985016143e-01 1.320689675810967634e+00
-4.995004995004995174e-01 1.322521741648782445e+00
-4.975024975024975316e-01 1.324338603998448827e+00
-4.955044955044954902e-01 1.326140369536719543e+00
-4.935064935064935598e-01 1.327927144304036355e+00
-4.915084915084915185e-01 1.329699033706079669e+00
-4.895104895104895881e-01 1.331456142515344387e+00
-4.875124875124875468e-01 1.333198574872690445e+00
-4.855144855144855054e-01 1.334926434288954633e+00
-4.835164835164835750e-01 1.336639823646562197e+00
-4.815184815184815337e-01 1.338338845201120231e+00
-4.795204795204796033e-01 1.340023600583082564e+00
-4.775224775224775620e-01 1.341694190799382680e+00
-4.755244755244755206e-01 1.343350716235089726e+00
-4.735264735264735902e-01 1.344993276655114922e+00
-4.715284715284715489e-01 1.346621971205852253e+00
-4.695304695304696185e-01 1.348236898416916629e+00
-4.675324675324675772e-01 1.349838156202834982e+00
-4.655344655344655358e-01 1.351425841864788202e+00
-4.635364635364636055e-01 1.353000052092341976e+00
-4.615384615384615641e-01 1.354560882965165414e+00
-4.595404595404595227e-01 1.356108429954842265e+00
-4.575424575424575924e-01 1.357642787926603978e+00
-4.555444555444555510e-01 1.359164051141119600e+00
-4.535464535464536207e-01 1.360672313256274801e+00
-4.515484515484515793e-01 1.362167667328993526e+00
-4.495504495504495379e-01 1.363650205817048988e+00
-4.475524475524476076e-01 1.365120020580841365e+00
-4.455544455544455662e-01 1.366577202885282949e+00
-4.435564435564436359e-01 1.368021843401597604e+00
-4.415584415584415945e-01 1.369454032209179717e+00
-4.395604395604395531e-01 1.370873858797442946e+00
-4.375624375624376228e-01 1.372281412067708040e+00
-4.355644355644355814e-01 1.373676780335028713e+00
-4.335664335664336511e-01 1.375060051330108113e+00
-4.315684315684316097e-01 1.376431312201163992e+00
-4.295704295704295683e-01 1.377790649515831189e+00
-4.275724275724276380e-01 1.379138149263052338e+00
-4.255744255744255966e-01 1.380473896854989668e+00
-4.235764235764235552e-01 1.381797977128948363e+00
-4.215784215784216249e-01 1.383110474349256380e+00
-4.195804195804195835e-01 1.384411472209235106e+00
-4.175824175824176532e-01 1.385701053833097163e+00
-4.155844155844156118e-01 1.386979301777897522e+00
-4.135864135864135704e-01 1.388246298035467285e+00
-4.115884115884116401e-01 1.389502124034352581e+00
-4.095904095904095987e-01 1.390746860641761451e+00
-4.075924075924076684e-01 1.391980588165551813e+00
-4.055944055944056270e-01 1.393203386356128615e+00
-4.035964035964035856e-01 1.394415334408452667e+00
-4.015984015984016553e-01 1.395616510963997081e+00
-3.996003996003996139e-01 1.396806994112704148e+00
-3.976023976023976836e-01 1.397986861394948432e+00
-3.956043956043956422e-01 1.399156189803546724e+00
-3.936063936063936008e-01 1.400315055785692264e+00
-3.916083916083916705e-01 1.401463535244960257e+00
-3.896103896103896291e-01 1.402601703543281397e+00
-3.876123876123876988e-01 1.403729635502931394e+00
-3.856143856143856574e-01 1.404847405408500949e+00
-3.836163836163836161e-01 1.405955087008899707e+00
-3.816183816183816857e-01 1.407052753519328459e+00
-3.796203796203796443e-01 1.408140477623285758e+00
-3.776223776223776030e-01 1.409218331474542119e+00
-3.756243756243756726e-01 1.410286386699132866e+00
-3.736263736263736313e-01 1.411344714397366973e+00
-3.716283716283717009e-01 1.412393385145777724e+00
-3.696303696303696595e-01 1.413432468999170188e+00
-3.676323676323676182e-01 1.414462035492560110e+00
-3.656343656343656878e-01 1.415482153643195629e+00
-3.636363636363636465e-01 1.416492891952527255e+00
-3.616383616383617161e-01 1.417494318408235809e+00
-3.596403596403596747e-01 1.418486500486158652e+00
-3.576423576423576334e-01 1.419469505152333388e+00
-3.556443556443557030e-01 1.420443398864941864e+00
-3.536463536463536617e-01 1.421408247576340544e+00
-3.516483516483517313e-01 1.422364116734987638e+00
-3.496503496503496899e-01 1.423311071287467922e+00
-3.476523476523476486e-01 1.424249175680449175e+00
-3.456543456543457182e-01 1.425178493862671925e+00
-3.436563436563436769e-01 1.426099089286891664e+00
-3.416583416583417465e-01 1.427011024911902570e+00
-3.396603396603397051e-01 1.427914363204454196e+00
-3.376623376623376638e-01 1.428809166141234543e+00
-3.356643356643357334e-01 1.429695495210842271e+00
-3.336663336663336921e-01 1.430573411415743790e+00
-3.316683316683316507e-01 1.431442975274197060e+00
-3.296703296703297204e-01 1.432304246822241778e+00
-3.276723276723276790e-01 1.433157285615634491e+00
-3.256743256743257486e-01 1.434002150731762848e+00
-3.236763236763237073e-01 1.434838900771631121e+00
-3.216783216783216659e-01 1.435667593861755353e+00
-3.196803196803197356e-01 1.436488287656108920e+00
-3.176823176823176942e-01 1.437301039338055197e+00
-3.156843156843157638e-01 1.438105905622236280e+00
-3.136863136863137225e-01 1.438902942756529191e+00
-3.116883116883116811e-01 1.439692206523934148e+00
-3.096903096903097508e-01 1.440473752244456396e+00
-3.076923076923077094e-01 1.441247634777043096e+00
-3.056943056943057790e-01 1.442013908521456056e+00
-3.036963036963037377e-01 1.442772627420167986e+00
-3.016983016983016963e-01 1.443523844960218572e+00
-2.997002997002997660e-01 1.444267614175127168e+00
-2.977022977022977246e-01 1.445003987646730881e+00
-2.957042957042957942e-01 1.445733017507044416e+00
-2.937062937062937529e-01 1.446454755440154782e+00
-2.917082917082917115e-01 1.447169252684021856e+00
-2.897102897102897812e-01 1.447876560032335780e+00
-2.877122877122877398e-01 1.448576727836376810e+00
-2.857142857142856984e-01 1.449269806006804773e+00
-2.837162837162837681e-01 1.449955844015497597e+00
-2.817182817182817267e-01 1.450634890897367413e+00
-2.797202797202797964e-01 1.451306995252161780e+00
-2.777222777222777550e-01 1.451972205246252923e+00
-2.757242757242757136e-01 1.452630568614449391e+00
-2.737262737262737833e-01 1.453282132661747106e+00
-2.717282717282717419e-01 1.453926944265125920e+00
-2.697302697302698116e-01 1.454565049875314653e+00
-2.677322677322677702e-01 1.455196495518535027e+00
-2.657342657342657288e-01 1.455821326798261817e+00
-2.637362637362637985e-01 1.456439588896957682e+00
-2.617382617382617571e-01 1.457051326577818662e+00
-2.597402597402598268e-01 1.457656584186462156e+00
-2.577422577422577854e-01 1.458255405652687076e+00
-2.557442557442557440e-01 1.458847834492152495e+00
-2.537462537462538137e-01 1.459433913808064309e+00
-2.517482517482517723e-01 1.460013686292885859e+00
-2.497502497502497310e-01 1.460587194230015706e+00
-2.477522477522478006e-01 1.461154479495431646e+00
-2.457542457542457592e-01 1.461715583559358933e+00
-2.437562437562438289e-01 1.462270547487940942e+00
-2.417582417582417875e-01 1.462819411944847880e+00
-2.397602397602397462e-01 1.463362217192932135e+00
-2.377622377622378158e-01 1.463899003095818996e+00
-2.357642357642357744e-01 1.464429809119548898e+00
-2.337662337662338441e-01 1.464954674334153495e+00
-2.317682317682318027e-01 1.465473637415243946e+00
-2.297702297702297614e-01 1.465986736645622512e+00
-2.277722277722278310e-01 1.466494009916806673e+00
-2.257742257742257896e-01 1.466995494730612526e+00
-2.237762237762238593e-01 1.467491228200696884e+00
-2.217782217782218179e-01 1.467981247054095384e+00
-2.197802197802197766e-01 1.468465587632753255e+00
-2.177822177822178462e-01 1.468944285895016799e+00
-2.157842157842158048e-01 1.469417377417187254e+00
-2.137862137862138745e-01 1.469884897394949652e+00
-2.117882117882118331e-01 1.470346880644903598e+00
-2.097902097902097918e-01 1.470803361606024762e+00
-2.077922077922078614e-01 1.471254374341106397e+00
-2.057942057942058200e-01 1.471699952538231493e+00
-2.037962037962037787e-01 1.472140129512192308e+00
-2.017982017982018483e-01 1.472574938205913897e+00
-1.998001998001998070e-01 1.473004411191898955e+00
-1.978021978021978766e-01 1.473428580673586286e+00
-1.958041958041958353e-01 1.473847478486770779e+00
-1.938061938061937939e-01 1.474261136100976977e+00
-1.918081918081918635e-01 1.474669584620821094e+00
-1.898101898101898222e-01 1.475072854787367715e+00
-1.878121878121878918e-01 1.475470976979481152e+00
-1.858141858141858505e-01 1.475863981215131959e+00
-1.838161838161838091e-01 1.476251897152758730e+00
-1.818181818181818787e-01 1.476634754092528423e+00
-1.798201798201798374e-01 1.477012580977662193e+00
-1.778221778221779070e-01 1.477385406395699929e+00
-1.758241758241758657e-01 1.477753258579790785e+00
-1.738261738261738243e-01 1.478116165409926408e+00
-1.718281718281718939e-01 1.478474154414202379e+00
-1.698301698301698526e-01 1.478827252770040790e+00
-1.678321678321678112e-01 1.479175487305419701e+00
-1.658341658341658809e-01 1.479518884500077514e+00
-1.638361638361638395e-01 1.479857470486694027e+00
-1.618381618381619091e-01 1.480191271052097024e+00
-1.598401598401598678e-01 1.480520311638403363e+00
-1.578421578421578264e-01 1.480844617344205583e+00
-1.558441558441558961e-01 1.481164212925685231e+00
-1.538461538461538547e-01 1.481479122797763059e+00
-1.518481518481519243e-01 1.481789371035205916e+00
-1.498501498501498830e-01 1.482094981373728304e+00
-1.478521478521478416e-01 1.482395977211101057e+00
-1.458541458541459113e-01 1.482692381608211818e+00
-1.438561438561438699e-01 1.482984217290127527e+00
-1.418581418581419396e-01 1.483271506647158899e+00
-1.398601398601398982e-01 1.483554271735891161e+00
-1.378621378621378568e-01 1.483832534280206783e+00
-1.358641358641359265e-01 1.484106315672302667e+00
-1.338661338661338851e-01 1.484375636973677803e+00
-1.318681318681319548e-01 1.484640518916123364e+00
-1.298701298701299134e-01 1.484900981902701034e+00
-1.278721278721278720e-01 1.485157046008687365e+00
-1.258741258741259417e-01 1.485408730982514358e+00
-1.238761238761239003e-01 1.485656056246725143e+00
-1.218781218781218589e-01 1.485899040898857271e+00
-1.198801198801199286e-01 1.486137703712360869e+00
-1.178821178821178872e-01 1.486372063137493038e+00
-1.158841158841159569e-01 1.486602137302178273e+00
-1.138861138861139155e-01 1.486827944012884872e+00
-1.118881118881118741e-01 1.487049500755454057e+00
-1.098901098901099438e-01 1.487266824695953504e+00
-1.078921078921079024e-01 1.487479932681478267e+00
-1.058941058941059721e-01 1.487688841240969895e+00
-1.038961038961039307e-01 1.487893566586004912e+00
-1.018981018981018893e-01 1.488094124611559099e+00
-9.990009990009995899e-02 1.488290530896784203e+00
-9.790209790209791763e-02 1.488482800705767106e+00
-9.590409590409598728e-02 1.488670948988234821e+00
-9.390609390609394591e-02 1.488854990380304555e+00
-9.190809190809190454e-02 1.489034939205169605e+00
-8.991008991008997420e-02 1.489210809473813901e+00
-8.791208791208793283e-02 1.489382614885664147e+00
-8.591408591408600248e-02 1.489550368829279714e+00
-8.391608391608396111e-02 1.489714084382985693e+00
-8.191808191808191975e-02 1.489873774315515265e+00
-7.992007992007998940e-02 1.490029451086619217e+00
-7.792207792207794803e-02 1.490181126847694770e+00
-7.592407592407590666e-02 1.490328813442371114e+00
-7.392607392607397632e-02 1.490472522407067846e+00
-7.192807192807193495e-02 1.490612264971583611e+00
-6.993006993007000460e-02 1.490748052059648110e+00
-6.793206793206796323e-02 1.490879894289419694e+00
-6.593406593406592187e-02 1.491007801974052249e+00
-6.393606393606399152e-02 1.491131785122181475e+00
-6.193806193806195015e-02 1.491251853438401609e+00
-5.994005994006001981e-02 1.491368016323767254e+00
-5.794205794205797844e-02 1.491480282876254781e+00
-5.594405594405593707e-02 1.491588661891179113e+00
-5.394605394605400672e-02 1.491693161861684880e+00
-5.194805194805196535e-02 1.491793790979088152e+00
-4.995004995005003501e-02 1.491890557133362272e+00
-4.795204795204799364e-02 1.491983467913461592e+00
-4.595404595404595227e-02 1.492072530607748693e+00
-4.395604395604402193e-02 1.492157752204313459e+00
-4.195804195804198056e-02 1.492239139391334124e+00
-3.996003996004005021e-02 1.492316698557424548e+00
-3.796203796203800884e-02 1.492390435791935532e+00
-3.596403596403596747e-02 1.492460356885248585e+00
-3.396603396603403713e-02 1.492526467329080120e+00
-3.196803196803199576e-02 1.492588772316748802e+00
-2.997002997002995439e-02 1.492647276743435336e+00
-2.797202797202802405e-02 1.492701985206410953e+00
-2.597402597402598268e-02 1.492752902005288318e+00
-2.397602397602405233e-02 1.492800031142228478e+00
-2.197802197802201096e-02 1.492843376322124715e+00
-1.998001998001996959e-02 1.492882940952810600e+00
-1.798201798201803925e-02 1.492918728145212759e+00
-1.598401598401599788e-02 1.492950740713514302e+00
-1.398601398601406753e-02 1.492978981175285380e+00
-1.198801198801202617e-02 1.493003451751621524e+00
-9.990009990009984797e-03 1.493024154367252887e+00
-7.992007992008054451e-03 1.493041090650619740e+00
-5.994005994006013083e-03 1.493054261933987048e+00
-3.996003996004082737e-03 1.493063669253491099e+00
-1.998001998002041368e-03 1.493069313349174809e+00
0.000000000000000000e+00 1.493071194665068102e+00
1.998001998002041368e-03 1.493069313349174809e+00
3.996003996003971714e-03 1.493063669253491099e+00
5.994005994005902060e-03 1.493054261933987048e+00
7.992007992008054451e-03 1.493041090650619740e+00
9.990009990009984797e-03 1.493024154367252887e+00
1.198801198801191514e-02 1.493003451751621746e+00
1.398601398601384549e-02 1.492978981175285380e+00
1.598401598401599788e-02 1.492950740713514302e+00
1.798201798201792823e-02 1.492918728145212759e+00
1.998001998001985857e-02 1.492882940952810600e+00
2.197802197802201096e-02 1.492843376322124715e+00
2.397602397602394131e-02 1.492800031142228478e+00
2.597402597402587165e-02 1.492752902005288318e+00
2.797202797202802405e-02 1.492701985206410953e+00
2.997002997002995439e-02 1.492647276743435336e+00
3.196803196803188474e-02 1.492588772316749024e+00
3.396603396603403713e-02 1.492526467329080120e+00
3.596403596403596747e-02 1.492460356885248585e+00
3.796203796203789782e-02 1.492390435791935976e+00
3.996003996003982817e-02 1.492316698557424992e+00
4.195804195804198056e-02 1.492239139391334124e+00
4.395604395604391090e-02 1.492157752204313459e+00
4.595404595404584125e-02 1.492072530607748693e+00
4.795204795204799364e-02 1.491983467913461592e+00
4.995004995004992399e-02 1.491890557133362050e+00
5.194805194805185433e-02 1.491793790979088152e+00
5.394605394605400672e-02 1.491693161861684880e+00
5.594405594405593707e-02 1.491588661891179113e+00
5.794205794205786741e-02 1.491480282876254781e+00
5.994005994005979776e-02 1.491368016323767254e+00
6.193806193806195015e-02 1.491251853438401609e+00
6.393606393606388050e-02 1.491131785122181252e+00
6.593406593406581084e-02 1.491007801974052027e+00
6.793206793206796323e-02 1.490879894289419694e+00
6.993006993006989358e-02 1.490748052059648332e+00
7.192807192807182393e-02 1.490612264971583611e+00
7.392607392607397632e-02 1.490472522407067846e+00
7.592407592407590666e-02 1.490328813442371114e+00
7.792207792207783701e-02 1.490181126847694992e+00
7.992007992007998940e-02 1.490029451086619217e+00
8.191808191808191975e-02 1.489873774315515265e+00
8.391608391608385009e-02 1.489714084382985693e+00
8.591408591408578044e-02 1.489550368829279936e+00
8.791208791208793283e-02 1.489382614885664147e+00
8.991008991008986317e-02 1.489210809473813679e+00
9.190809190809179352e-02 1.489034939205169827e+00
9.390609390609394591e-02 1.488854990380304555e+00
9.590409590409587626e-02 1.488670948988234821e+00
9.790209790209780660e-02 1.488482800705767328e+00
9.990009990009995899e-02 1.488290530896784203e+00
1.018981018981018893e-01 1.488094124611559099e+00
1.038961038961038197e-01 1.487893566586004690e+00
1.058941058941057500e-01 1.487688841240970339e+00
1.078921078921079024e-01 1.487479932681478267e+00
1.098901098901098328e-01 1.487266824695953282e+00
1.118881118881117631e-01 1.487049500755454057e+00
1.138861138861139155e-01 1.486827944012884872e+00
1.158841158841158459e-01 1.486602137302177828e+00
1.178821178821177762e-01 1.486372063137493038e+00
1.198801198801199286e-01 1.486137703712360869e+00
1.218781218781218589e-01 1.485899040898857271e+00
1.238761238761237893e-01 1.485656056246724921e+00
1.258741258741259417e-01 1.485408730982514358e+00
1.278721278721278720e-01 1.485157046008687365e+00
1.298701298701298024e-01 1.484900981902701034e+00
1.318681318681317327e-01 1.484640518916123808e+00
1.338661338661338851e-01 1.484375636973677803e+00
1.358641358641358154e-01 1.484106315672302445e+00
1.378621378621377458e-01 1.483832534280206783e+00
1.398601398601398982e-01 1.483554271735891161e+00
1.418581418581418285e-01 1.483271506647158677e+00
1.438561438561437589e-01 1.482984217290127305e+00
1.458541458541459113e-01 1.482692381608211818e+00
1.478521478521478416e-01 1.482395977211101057e+00
1.498501498501497720e-01 1.482094981373728526e+00
1.518481518481519243e-01 1.481789371035205916e+00
1.538461538461538547e-01 1.481479122797763059e+00
1.558441558441557850e-01 1.481164212925685009e+00
1.578421578421577154e-01 1.480844617344205805e+00
1.598401598401598678e-01 1.480520311638403363e+00
1.618381618381617981e-01 1.480191271052096580e+00
1.638361638361637285e-01 1.479857470486693805e+00
1.658341658341658809e-01 1.479518884500077514e+00
1.678321678321678112e-01 1.479175487305419701e+00
1.698301698301697416e-01 1.478827252770040346e+00
1.718281718281718939e-01 1.478474154414202379e+00
1.738261738261738243e-01 1.478116165409926408e+00
1.758241758241757546e-01 1.477753258579790341e+00
1.778221778221776850e-01 1.477385406395699929e+00
1.798201798201798374e-01 1.477012580977662193e+00
1.818181818181817677e-01 1.476634754092528423e+00
1.838161838161836981e-01 1.476251897152758730e+00
1.858141858141858505e-01 1.475863981215131959e+00
1.878121878121877808e-01 1.475470976979481152e+00
1.898101898101897111e-01 1.475072854787368160e+00
1.918081918081918635e-01 1.474669584620821094e+00
1.938061938061937939e-01 1.474261136100976977e+00
1.958041958041957242e-01 1.473847478486771001e+00
1.978021978021978766e-01 1.473428580673586286e+00
1.998001998001998070e-01 1.473004411191898955e+00
2.017982017982017373e-01 1.472574938205913897e+00
2.037962037962036677e-01 1.472140129512192086e+00
2.057942057942058200e-01 1.471699952538231493e+00
2.077922077922077504e-01 1.471254374341107063e+00
2.097902097902096807e-01 1.470803361606024762e+00
2.117882117882118331e-01 1.470346880644903598e+00
2.137862137862137635e-01 1.469884897394949430e+00
2.157842157842156938e-01 1.469417377417187032e+00
2.177822177822178462e-01 1.468944285895016799e+00
2.197802197802197766e-01 1.468465587632753255e+00
2.217782217782217069e-01 1.467981247054095384e+00
2.237762237762236373e-01 1.467491228200696884e+00
2.257742257742257896e-01 1.466995494730612526e+00
2.277722277722277200e-01 1.466494009916806673e+00
2.297702297702296503e-01 1.465986736645622512e+00
2.317682317682318027e-01 1.465473637415243946e+00
2.337662337662337331e-01 1.464954674334153495e+00
2.357642357642356634e-01 1.464429809119548898e+00
2.377622377622378158e-01 1.463899003095818996e+00
2.397602397602397462e-01 1.463362217192932135e+00
2.417582417582416765e-01 1.462819411944847658e+00
2.437562437562438289e-01 1.462270547487940942e+00
2.457542457542457592e-01 1.461715583559358933e+00
2.477522477522476896e-01 1.461154479495431424e+00
2.497502497502496199e-01 1.460587194230015706e+00
2.517482517482517723e-01 1.460013686292885859e+00
2.537462537462537027e-01 1.459433913808064975e+00
2.557442557442556330e-01 1.458847834492152273e+00
2.577422577422577854e-01 1.458255405652687076e+00
2.597402597402597157e-01 1.457656584186462156e+00
2.617382617382616461e-01 1.457051326577818440e+00
2.637362637362637985e-01 1.456439588896957682e+00
2.657342657342657288e-01 1.455821326798261817e+00
2.677322677322676592e-01 1.455196495518535249e+00
2.697302697302695895e-01 1.454565049875314653e+00
2.717282717282717419e-01 1.453926944265125920e+00
2.737262737262736723e-01 1.453282132661747328e+00
2.757242757242756026e-01 1.452630568614449391e+00
2.777222777222777550e-01 1.451972205246252923e+00
2.797202797202796853e-01 1.451306995252161558e+00
2.817182817182816157e-01 1.450634890897367413e+00
2.837162837162837681e-01 1.449955844015497597e+00
2.857142857142856984e-01 1.449269806006804773e+00
2.877122877122876288e-01 1.448576727836376810e+00
2.897102897102897812e-01 1.447876560032335780e+00
2.917082917082917115e-01 1.447169252684021856e+00
2.937062937062936419e-01 1.446454755440154782e+00
2.957042957042955722e-01 1.445733017507044638e+00
2.977022977022977246e-01 1.445003987646730881e+00
2.997002997002996549e-01 1.444267614175127168e+00
3.016983016983015853e-01 1.443523844960218350e+00
3.036963036963037377e-01 1.442772627420167986e+00
3.056943056943056680e-01 1.442013908521456278e+00
3.076923076923075984e-01 1.441247634777043318e+00
3.096903096903097508e-01 1.440473752244456396e+00
3.116883116883116811e-01 1.439692206523934148e+00
3.136863136863136114e-01 1.438902942756529413e+00
3.156843156843155418e-01 1.438105905622236058e+00
3.176823176823176942e-01 1.437301039338055197e+00
3.196803196803196245e-01 1.436488287656109142e+00
3.216783216783215549e-01 1.435667593861755131e+00
3.236763236763237073e-01 1.434838900771631121e+00
3.256743256743256376e-01 1.434002150731762626e+00
3.276723276723275680e-01 1.433157285615634713e+00
3.296703296703297204e-01 1.432304246822241778e+00
3.316683316683316507e-01 1.431442975274197060e+00
3.336663336663335810e-01 1.430573411415744012e+00
3.356643356643357334e-01 1.429695495210842271e+00
3.376623376623376638e-01 1.428809166141234543e+00
3.396603396603395941e-01 1.427914363204454196e+00
3.416583416583415245e-01 1.427011024911902570e+00
3.436563436563436769e-01 1.426099089286891664e+00
3.456543456543456072e-01 1.425178493862672147e+00
3.476523476523475376e-01 1.424249175680448953e+00
3.496503496503496899e-01 1.423311071287467922e+00
3.516483516483516203e-01 1.422364116734987638e+00
3.536463536463535506e-01 1.421408247576340544e+00
3.556443556443557030e-01 1.420443398864941864e+00
3.576423576423576334e-01 1.419469505152333388e+00
3.596403596403595637e-01 1.418486500486158430e+00
3.616383616383614941e-01 1.417494318408235809e+00
3.636363636363636465e-01 1.416492891952527255e+00
3.656343656343655768e-01 1.415482153643195851e+00
3.676323676323675071e-01 1.414462035492560110e+00
3.696303696303696595e-01 1.413432468999170188e+00
3.716283716283715899e-01 1.412393385145777724e+00
3.736263736263735202e-01 1.411344714397367417e+00
3.756243756243756726e-01 1.410286386699132866e+00
3.776223776223776030e-01 1.409218331474542119e+00
3.796203796203795333e-01 1.408140477623285980e+00
3.816183816183816857e-01 1.407052753519328459e+00
3.836163836163836161e-01 1.405955087008899707e+00
3.856143856143855464e-01 1.404847405408500949e+00
3.876123876123874767e-01 1.403729635502931616e+00
3.896103896103896291e-01 1.402601703543281397e+00
3.916083916083915595e-01 1.401463535244960257e+00
3.936063936063934898e-01 1.400315055785692264e+00
3.956043956043956422e-01 1.399156189803546724e+00
3.976023976023975726e-01 1.397986861394948654e+00
3.996003996003995029e-01 1.396806994112704370e+00
4.015984015984016553e-01 1.395616510963997081e+00
4.035964035964035856e-01 1.394415334408452667e+00
4.055944055944055160e-01 1.393203386356128171e+00
4.075924075924074463e-01 1.391980588165552035e+00
4.095904095904095987e-01 1.390746860641761451e+00
4.115884115884115291e-01 1.389502124034352581e+00
4.135864135864134594e-01 1.388246298035467508e+00
4.155844155844156118e-01 1.386979301777897522e+00
4.175824175824175422e-01 1.385701053833097163e+00
4.195804195804194725e-01 1.384411472209234883e+00
4.215784215784216249e-01 1.383110474349256380e+00
4.235764235764235552e-01 1.381797977128948363e+00
4.255744255744254856e-01 1.380473896854989890e+00
4.275724275724276380e-01 1.379138149263052338e+00
4.295704295704295683e-01 1.377790649515831189e+00
4.315684315684314987e-01 1.376431312201163992e+00
4.335664335664334290e-01 1.375060051330108335e+00
4.355644355644355814e-01 1.373676780335028713e+00
4.375624375624375118e-01 1.372281412067707818e+00
4.395604395604394421e-01 1.370873858797442946e+00
4.415584415584415945e-01 1.369454032209179717e+00
4.435564435564435248e-01 1.368021843401597826e+00
4.455544455544454552e-01 1.366577202885282949e+00
4.475524475524476076e-01 1.365120020580841365e+00
4.495504495504495379e-01 1.363650205817048988e+00
4.515484515484514683e-01 1.362167667328993526e+00
4.535464535464536207e-01 1.360672313256274801e+00
4.555444555444555510e-01 1.359164051141119600e+00
4.575424575424574813e-01 1.357642787926604200e+00
4.595404595404594117e-01 1.356108429954842043e+00
4.615384615384615641e-01 1.354560882965165414e+00
4.635364635364634944e-01 1.353000052092341532e+00
4.655344655344654248e-01 1.351425841864788424e+00
4.675324675324675772e-01 1.349838156202834982e+00
4.695304695304695075e-01 1.348236898416916407e+00
4.715284715284714379e-01 1.346621971205852919e+00
4.735264735264735902e-01 1.344993276655114922e+00
4.755244755244755206e-01 1.343350716235089726e+00
4.775224775224774509e-01 1.341694190799382236e+00
4.795204795204793813e-01 1.340023600583082564e+00
4.815184815184815337e-01 1.338338845201120231e+00
4.835164835164834640e-01 1.336639823646562419e+00
4.855144855144853944e-01 1.334926434288954633e+00
4.875124875124875468e-01 1.333198574872690445e+00
4.895104895104894771e-01 1.331456142515344832e+00
4.915084915084914075e-01 1.329699033706080114e+00
4.935064935064935598e-01 1.327927144304036355e+00
4.955044955044954902e-01 1.326140369536719543e+00
4.975024975024974205e-01 1.324338603998448383e+00
4.995004995004995729e-01 1.322521741648782223e+00
5.014985014985015033e-01 1.320689675810967856e+00
5.034965034965034336e-01 1.318842299170422505e+00
5.054945054945053640e-01 1.316979503773200388e+00
5.074925074925075164e-01 1.315101181024523003e+00
5.094905094905094467e-01 1.313207221687260118e+00
5.114885114885113770e-01 1.311297515880505804e+00
5.134865134865135294e-01 1.309371953078087181e+00
5.154845154845154598e-01 1.307430422107169310e+00
5.174825174825173901e-01 1.305472811146842771e+00
5.194805194805195425e-01 1.303499007726681702e+00
5.214785214785214729e-01 1.301508898725442176e+00
5.234765234765234032e-01 1.299502370369642223e+00
5.254745254745253336e-01 1.297479308232256656e+00
5.274725274725274859e-01 1.295439597231385465e+00
5.294705294705294163e-01 1.293383121628971288e+00
5.314685314685313466e-01 1.291309765029502232e+00
5.334665334665334990e-01 1.289219410378749986e+00
5.354645354645354294e-01 1.287111939962555240e+00
5.374625374625373597e-01 1.284987235405599337e+00
5.394605394605395121e-01 1.282845177670197234e+00
5.414585414585414425e-01 1.280685647055135989e+00
5.434565434565433728e-01 1.278508523194521684e+00
5.454545454545455252e-01 1.276313685056645886e+00
5.474525474525474555e-01 1.274101010942871648e+00
5.494505494505493859e-01 1.271870378486554598e+00
5.514485514485513162e-01 1.269621664651990223e+00
5.534465534465534686e-01 1.267354745733351162e+00
5.554445554445553990e-01 1.265069497353702888e+00
5.574425574425573293e-01 1.262765794463984070e+00
5.594405594405594817e-01 1.260443511342044465e+00
5.614385614385614121e-01 1.258102521591734968e+00
5.634365634365633424e-01 1.255742698141931069e+00
5.654345654345654948e-01 1.253363913245694627e+00
5.674325674325674251e-01 1.250966038479389919e+00
5.694305694305693555e-01 1.248548944741818323e+00
5.714285714285712858e-01 1.246112502253435173e+00
5.734265734265734382e-01 1.243656580555564606e+00
5.754245754245753686e-01 1.241181048509591323e+00
5.774225774225772989e-01 1.238685774296281350e+00
5.794205794205794513e-01 1.236170625415037527e+00
5.814185814185813816e-01 1.233635468683248471e+00
5.834165834165833120e-01 1.231080170235594462e+00
5.854145854145854644e-01 1.228504595523472132e+00
5.874125874125873947e-01 1.225908609314369846e+00
5.894105894105893251e-01 1.223292075691295500e+00
5.914085914085914775e-01 1.220654858052272695e+00
5.934065934065934078e-01 1.217996819109787410e+00
5.954045954045953382e-01 1.215317820890352341e+00
5.974025974025972685e-01 1.212617724734029290e+00
5.994005994005994209e-01 1.209896391294020379e+00
6.013986013986013512e-01 1.207153680536283913e+00
6.033966033966032816e-01 1.204389451739177552e+00
6.053946053946054340e-01 1.201603563493115256e+00
6.073926073926073643e-01 1.198795873700305270e+00
6.093906093906092947e-01 1.195966239574452361e+00
6.113886113886114471e-01 1.193114517640555761e+00
6.133866133866133774e-01 1.190240563734696666e+00
6.153846153846153078e-01 1.187344233003856830e+00
6.173826173826172381e-01 1.184425379905836406e+00
6.193806193806193905e-01 1.181483858209088522e+00
6.213786213786213208e-01 1.178519520992697300e+00
6.233766233766232512e-01 1.175532220646331449e+00
6.253746253746254036e-01 1.172521808870250704e+00
6.273726273726273339e-01 1.169488136675313594e+00
6.293706293706292643e-01 1.166431054383086252e+00
6.313686313686314167e-01 1.163350411625927228e+00
6.333666333666333470e-01 1.160246057347122495e+00
6.353646353646352773e-01 1.157117839801057757e+00
6.373626373626374297e-01 1.153965606553446932e+00
6.393606393606393601e-01 1.150789204481556416e+00
6.413586413586412904e-01 1.147588479774483528e+00
6.433566433566432208e-01 1.144363277933506673e+00
6.453546453546453732e-01 1.141113443772398650e+00
6.473526473526473035e-01 1.137838821417836987e+00
6.493506493506492339e-01 1.134539254309830270e+00
6.513486513486513863e-01 1.131214585202182210e+00
6.533466533466533166e-01 1.127864656162988810e+00
6.553446553446552469e-01 1.124489308575178814e+00
6.573426573426573993e-01 1.121088383137091693e+00
6.593406593406593297e-01 1.117661719863087155e+00
6.613386613386612600e-01 1.114209158084228823e+00
6.633366633366634124e-01 1.110730536448917283e+00
6.653346653346653428e-01 1.107225692923670346e+00
6.673326673326672731e-01 1.103694464793873564e+00
6.693306693306692035e-01 1.100136688664600237e+00
6.713286713286713558e-01 1.096552200461430981e+00
6.733266733266732862e-01 1.092940835431380542e+00
6.753246753246752165e-01 1.089302428143777979e+00
6.773226773226773689e-01 1.085636812491280523e+00
6.793206793206792993e-01 1.081943821690856122e+00
6.813186813186812296e-01 1.078223288284816839e+00
6.833166833166833820e-01 1.074475044141943281e+00
6.853146853146853124e-01 1.070698920458575287e+00
6.873126873126872427e-01 1.066894747759799644e+00
6.893106893106891730e-01 1.063062355900664890e+00
6.913086913086913254e-01 1.059201574067413443e+00
6.933066933066932558e-01 1.055312230778793658e+00
6.953046953046951861e-01 1.051394153887369676e+00
6.973026973026973385e-01 1.047447170580929177e+00
6.993006993006992689e-01 1.043471107383858287e+00
7.012987012987011992e-01 1.039465790158646818e+00
7.032967032967033516e-01 1.035431044107345100e+00
7.052947052947052820e-01 1.031366693773133392e+00
7.072927072927072123e-01 1.027272563041904618e+00
7.092907092907093647e-01 1.023148475143874858e+00
7.112887112887112950e-01 1.018994252655273325e+00
7.132867132867132254e-01 1.014809717500046560e+00
7.152847152847151557e-01 1.010594690951592822e+00
7.172827172827173081e-01 1.006348993634615052e+00
7.192807192807192385e-01 1.002072445526892119e+00
7.212787212787211688e-01 9.977648659612178283e-01
7.232767232767233212e-01 9.934260736272889636e-01
7.252747252747252515e-01 9.890558865737067995e-01
7.272727272727271819e-01 9.846541222099635116e-01
7.292707292707293343e-01 9.802205973085279522e-01
7.312687312687312646e-01 9.757551280069112210e-01
7.332667332667331950e-01 9.712575298098304888e-01
7.352647352647351253e-01 9.667276175913938063e-01
7.372627372627372777e-01 9.621652055973284323e-01
7.392607392607392081e-01 9.575701074472643404e-01
7.412587412587411384e-01 9.529421361370271626e-01
7.432567432567432908e-01 9.482811040410255021e-01
7.452547452547452211e-01 9.435868229146417985e-01
7.472527472527471515e-01 9.388591038966901392e-01
7.492507492507493039e-01 9.340977575118903919e-01
7.512487512487512342e-01 9.293025936734332637e-01
7.532467532467531646e-01 9.244734216855372555e-01
7.552447552447553170e-01 9.196100502460745618e-01
7.572427572427572473e-01 9.147122874492561451e-01
7.592407592407591777e-01 9.097799407883194744e-01
7.612387612387611080e-01 9.048128171583038615e-01
7.632367632367632604e-01 8.998107228588316797e-01
7.652347652347651907e-01 8.947734635969708528e-01
7.672327672327671211e-01 8.897008444901026714e-01
7.692307692307692735e-01 8.845926700688593325e-01
7.712287712287712038e-01 8.794487442801014465e-01
7.732267732267731342e-01 8.742688704899272967e-01
7.752247752247752866e-01 8.690528514867347232e-01
7.772227772227772169e-01 8.638004894843381853e-01
7.792207792207791472e-01 8.585115861250921521e-01
7.812187812187810776e-01 8.531859424830955385e-01
7.832167832167832300e-01 8.478233590674365550e-01
7.852147852147851603e-01 8.424236358254439949e-01
7.872127872127870907e-01 8.369865721460246766e-01
7.892107892107892431e-01 8.315119668630245320e-01
7.912087912087911734e-01 8.259996182586285540e-01
7.932067932067931038e-01 8.204493240668099263e-01
7.952047952047952561e-01 8.148608814768310005e-01
7.972027972027971865e-01 8.092340871367579291e-01
7.992007992007991168e-01 8.035687371570510162e-01
8.011988011988012692e-01 7.978646271141760504e-01
8.031968031968031996e-01 7.921215520542718158e-01
8.051948051948051299e-01 7.863393064968366986e-01
8.071928071928070603e-01 7.805176844384890122e-01
8.091908091908092127e-01 7.746564793567369822e-01
8.111888111888111430e-01 7.687554842138161204e-01
8.131868131868130734e-01 7.628144914605502480e-01
8.151848151848152257e-01 7.568332930402650316e-01
8.171828171828171561e-01 7.508116803927331606e-01
8.191808191808190864e-01 7.447494444581647111e-01
8.211788211788212388e-01 7.386463756812373660e-01
8.231768231768231692e-01 7.325022640151743758e-01
8.251748251748250995e-01 7.263168989258431685e-01
8.271728271728270299e-01 7.200900693959139121e-01
8.291708291708291823e-01 7.138215639290513836e-01
8.311688311688311126e-01 7.075111705541293761e-01
8.331668331668330429e-01 7.011586768295275940e-01
8.351648351648351953e-01 6.947638698474108976e-01
8.371628371628371257e-01 6.883265362380865948e-01
8.391608391608390560e-01 6.818464621743957066e-01
8.411588411588412084e-01 6.753234333761244379e-01
8.431568431568431388e-01 6.687572351144706051e-01
8.451548451548450691e-01 6.621476522165393730e-01
8.471528471528472215e-01 6.554944690698756293e-01
8.491508491508491518e-01 6.487974696270485397e-01
8.511488511488510822e-01 6.420564374102432081e-01
8.531468531468530125e-01 6.352711555159195056e-01
8.551448551448551649e-01 6.284414066194818904e-01
8.571428571428570953e-01 6.215669729800080701e-01
8.591408591408590256e-01 6.146476364450027541e-01
8.611388611388611780e-01 6.076831784551628424e-01
8.631368631368631084e-01 6.006733800492287667e-01
8.651348651348650387e-01 5.936180218688290600e-01
8.671328671328671911e-01 5.865168841633614516e-01
8.691308691308691214e-01 5.793697467949423530e-01
8.711288711288710518e-01 5.721763892433413545e-01
8.731268731268729821e-01 5.649365906109810043e-01
8.751248751248751345e-01 5.576501296279645636e-01
8.771228771228770649e-01 5.503167846571377364e-01
8.791208791208789952e-01 5.429363336991573918e-01
8.811188811188811476e-01 5.355085543976331186e-01
8.831168831168830780e-01 5.280332240442662251e-01
8.851148851148850083e-01 5.205101195840386996e-01
8.871128871128871607e-01 5.129390176204130514e-01
8.891108891108890910e-01 5.053196944205952112e-01
8.911088911088910214e-01 4.976519259207937140e-01
8.931068931068931738e-01 4.899354877315199586e-01
8.951048951048951041e-01 4.821701551429271593e-01
8.971028971028970345e-01 4.743557031301615656e-01
8.991008991008989648e-01 4.664919063587547043e-01
9.010989010989011172e-01 4.585785391900332186e-01
9.030969030969030475e-01 4.506153756865654558e-01
9.050949050949049779e-01 4.426021896176269843e-01
9.070929070929071303e-01 4.345387544646930333e-01
9.090909090909090606e-01 4.264248434269649612e-01
9.110889110889109910e-01 4.182602294269140430e-01
9.130869130869131434e-01 4.100446851158455752e-01
9.150849150849150737e-01 4.017779828795068342e-01
9.170829170829170041e-01 3.934598948436976995e-01
9.190809190809189344e-01 3.850901928799184137e-01
9.210789210789210868e-01 3.766686486110337739e-01
9.230769230769230171e-01 3.681950334169697969e-01
9.250749250749249475e-01 3.596691184404163799e-01
9.270729270729270999e-01 3.510906745925682082e-01
9.290709290709290302e-01 3.424594725588854804e-01
9.310689310689309606e-01 3.337752828048569653e-01
9.330669330669331130e-01 3.250378755818183474e-01
9.350649350649350433e-01 3.162470209327662429e-01
9.370629370629369737e-01 3.074024886981854832e-01
9.390609390609391260e-01 2.985040485219351836e-01
9.410589410589410564e-01 2.895514698571154399e-01
9.430569430569429867e-01 2.805445219719772676e-01
9.450549450549449171e-01 2.714829739558485278e-01
9.470529470529470695e-01 2.623665947250770070e-01
9.490509490509489998e-01 2.531951530290150743e-01
9.510489510489509302e-01 2.439684174559986762e-01
9.530469530469530826e-01 2.346861564393842026e-01
9.550449550449550129e-01 2.253481382635952879e-01
9.570429570429569432e-01 2.159541310702140504e-01
9.590409590409590956e-01 2.065039028641133811e-01
9.610389610389610260e-01 1.969972215196420240e-01
9.630369630369629563e-01 1.874338547868667493e-01
9.650349650349651087e-01 1.778135702979149191e-01
9.670329670329670391e-01 1.681361355734289076e-01
9.690309690309689694e-01 1.584013180291790890e-01
9.710289710289708998e-01 1.486088849829273195e-01
9.730269730269730521e-01 1.387586036616411944e-01
9.750249750249749825e-01 1.288502412092573657e-01
9.770229770229769128e-01 1.188835646953078362e-01
9.790209790209790652e-01 1.088583411249883226e-01
9.810189810189809956e-01 9.877433745169067469e-02
9.830169830169829259e-01 8.863132059396433560e-02
9.850149850149850783e-01 7.842905746093027652e-02
9.870129870129870087e-01 6.816731499489868396e-02
9.890109890109889390e-01 5.784586025194869696e-02
9.910089910089908694e-01 4.746446057551920172e-02
9.930069930069930217e-01 3.702288403023545199e-02
9.950049950049949521e-01 2.652090070598348004e-02
9.970029970029968824e-01 1.595828769424745622e-02
9.990009990009990348e-01 5.334847866513150495e-03
