-9.990009990009990348e-01 1.421997086715257909e-02
-9.970029970029969935e-01 4.223724859998212455e-02
-9.950049950049950631e-01 6.970039881743025911e-02
-9.930069930069930217e-01 9.662049254651240704e-02
-9.910089910089910914e-01 1.230083795820563070e-01
-9.890109890109890500e-01 1.488746929231949123e-01
-9.870129870129870087e-01 1.742298531007188955e-01
-9.850149850149850783e-01 1.990840724180797661e-01
-9.830169830169830369e-01 2.234473591078614818e-01
-9.810189810189811066e-01 2.473295214053224111e-01
-9.790209790209790652e-01 2.707401715407201093e-01
-9.770229770229770239e-01 2.936887296520194757e-01
-9.750249750249750935e-01 3.161844276195587833e-01
-9.730269730269730521e-01 3.382363128242522055e-01
-9.710289710289710108e-01 3.598532518308174555e-01
-9.690309690309690804e-01 3.810439339975662532e-01
-9.670329670329670391e-01 4.018168750141919987e-01
-9.650349650349651087e-01 4.221804203689750734e-01
-9.630369630369630674e-01 4.421427487468765904e-01
-9.610389610389610260e-01 4.617118753598012382e-01
-9.590409590409590956e-01 4.808956552104788895e-01
-9.570429570429570543e-01 4.997017862912180308e-01
-9.550449550449551239e-01 5.181378127188583926e-01
-9.530469530469530826e-01 5.362111278071899356e-01
-9.510489510489510412e-01 5.539289770780922995e-01
-9.490509490509491108e-01 5.712984612125849848e-01
-9.470529470529470695e-01 5.883265389430427650e-01
-9.450549450549451391e-01 6.050200298876740046e-01
-9.430569430569430978e-01 6.213856173284909579e-01
-9.410589410589410564e-01 6.374298509338311991e-01
-9.390609390609391260e-01 6.531591494265807096e-01
-9.370629370629370847e-01 6.685798031991658785e-01
-9.350649350649351543e-01 6.836979768763619125e-01
-9.330669330669331130e-01 6.985197118269768080e-01
-9.310689310689310716e-01 7.130509286254267387e-01
-9.290709290709291412e-01 7.272974294641932902e-01
-9.270729270729270999e-01 7.412649005181467521e-01
-9.250749250749250585e-01 7.549589142616968118e-01
-9.230769230769231282e-01 7.683849317397087875e-01
-9.210789210789210868e-01 7.815483047931031102e-01
-9.190809190809191564e-01 7.944542782400478842e-01
-9.170829170829171151e-01 8.071079920136331465e-01
-9.150849150849150737e-01 8.195144832568744819e-01
-9.130869130869131434e-01 8.316786883759273996e-01
-9.110889110889111020e-01 8.436054450523147175e-01
-9.090909090909091717e-01 8.552994942150069502e-01
-9.070929070929071303e-01 8.667654819731430704e-01
-9.050949050949050889e-01 8.780079615101881174e-01
-9.030969030969031586e-01 8.890313949402710580e-01
-9.010989010989011172e-01 8.998401551275034826e-01
-8.991008991008990758e-01 9.104385274689551499e-01
-8.971028971028971455e-01 9.208307116420805238e-01
-8.951048951048951041e-01 9.310208233172352355e-01
-8.931068931068931738e-01 9.410128958360360896e-01
-8.911088911088911324e-01 9.508108818562164277e-01
-8.891108891108892021e-01 9.604186549636422043e-01
-8.871128871128871607e-01 9.698400112521600169e-01
-8.851148851148851193e-01 9.790786708719149134e-01
-8.831168831168831890e-01 9.881382795467513747e-01
-8.811188811188811476e-01 9.970224100613270801e-01
-8.791208791208791062e-01 1.005734563718557739e+00
-8.771228771228771759e-01 1.014278171767943659e+00
-8.751248751248751345e-01 1.022656596805396889e+00
-8.731268731268730932e-01 1.030873134145130265e+00
-8.711288711288711628e-01 1.038931013164142492e+00
-8.691308691308692325e-01 1.046833398619875899e+00
-8.671328671328671911e-01 1.054583391941568138e+00
-8.651348651348651497e-01 1.062184032495806507e+00
-8.631368631368632194e-01 1.069638298826846912e+00
-8.611388611388611780e-01 1.076949109872132215e+00
-8.591408591408591366e-01 1.084119326153576868e+00
-8.571428571428572063e-01 1.091151750945033694e+00
-8.551448551448551649e-01 1.098049131416492852e+00
-8.531468531468531236e-01 1.104814159755385106e+00
-8.511488511488511932e-01 1.111449474265531645e+00
-8.491508491508491518e-01 1.117957660444149459e+00
-8.471528471528472215e-01 1.124341252037321048e+00
-8.451548451548451801e-01 1.130602732074425854e+00
-8.431568431568432498e-01 1.136744533881895558e+00
-8.411588411588412084e-01 1.142769042076725361e+00
-8.391608391608391671e-01 1.148678593540148452e+00
-8.371628371628372367e-01 1.154475478371877140e+00
-8.351648351648351953e-01 1.160161940825264137e+00
-8.331668331668331540e-01 1.165740180223813871e+00
-8.311688311688312236e-01 1.171212351859371337e+00
-8.291708291708291823e-01 1.176580567872380412e+00
-8.271728271728271409e-01 1.181846898114564670e+00
-8.251748251748252105e-01 1.187013370994372874e+00
-8.231768231768232802e-01 1.192081974305545522e+00
-8.211788211788212388e-01 1.197054656039121978e+00
-8.191808191808191975e-01 1.201933325179239898e+00
-8.171828171828172671e-01 1.206719852483037592e+00
-8.151848151848152257e-01 1.211416071244973303e+00
-8.131868131868131844e-01 1.216023778045882242e+00
-8.111888111888112540e-01 1.220544733487067823e+00
-8.091908091908092127e-01 1.224980662909738172e+00
-8.071928071928071713e-01 1.229333257100060139e+00
-8.051948051948052409e-01 1.233604172980129254e+00
-8.031968031968031996e-01 1.237795034285157803e+00
-8.011988011988012692e-01 1.241907432227095764e+00
-7.992007992007992279e-01 1.245942926145042096e+00
-7.972027972027972975e-01 1.249903044142617548e+00
-7.952047952047952561e-01 1.253789283712636538e+00
-7.932067932067932148e-01 1.257603112349283458e+00
-7.912087912087912844e-01 1.261345968148056107e+00
-7.892107892107892431e-01 1.265019260393743350e+00
-7.872127872127872017e-01 1.268624370136627988e+00
-7.852147852147852714e-01 1.272162650757194369e+00
-7.832167832167832300e-01 1.275635428519552139e+00
-7.812187812187811886e-01 1.279044003113790851e+00
-7.792207792207792583e-01 1.282389648187519882e+00
-7.772227772227772169e-01 1.285673611866756438e+00
-7.752247752247752866e-01 1.288897117266436965e+00
-7.732267732267732452e-01 1.292061362990704509e+00
-7.712287712287713148e-01 1.295167523623214079e+00
-7.692307692307692735e-01 1.298216750207621839e+00
-7.672327672327672321e-01 1.301210170718507086e+00
-7.652347652347653018e-01 1.304148890522836224e+00
-7.632367632367632604e-01 1.307033992832242975e+00
-7.612387612387612190e-01 1.309866539146257836e+00
-7.592407592407592887e-01 1.312647569686672844e+00
-7.572427572427572473e-01 1.315378103823234168e+00
-7.552447552447553170e-01 1.318059140490824399e+00
-7.532467532467532756e-01 1.320691658598309060e+00
-7.512487512487513452e-01 1.323276617429201663e+00
-7.492507492507493039e-01 1.325814957034337382e+00
-7.472527472527472625e-01 1.328307598616686569e+00
-7.452547452547453322e-01 1.330755444908480856e+00
-7.432567432567432908e-01 1.333159380540795746e+00
-7.412587412587412494e-01 1.335520272405759989e+00
-7.392607392607393191e-01 1.337838970011505424e+00
-7.372627372627372777e-01 1.340116305830035603e+00
-7.352647352647352363e-01 1.342353095638146421e+00
-7.332667332667333060e-01 1.344550138851506205e+00
-7.312687312687313756e-01 1.346708218852084249e+00
-7.292707292707292233e-01 1.348828103309020365e+00
-7.272727272727272929e-01 1.350910544493086896e+00
-7.252747252747253626e-01 1.352956279584854649e+00
-7.232767232767233212e-01 1.354966030976707758e+00
-7.212787212787212798e-01 1.356940506568817373e+00
-7.192807192807193495e-01 1.358880400059190752e+00
-7.172827172827173081e-01 1.360786391227941650e+00
-7.152847152847152667e-01 1.362659146215850825e+00
-7.132867132867133364e-01 1.364499317797379874e+00
-7.112887112887112950e-01 1.366307545648207000e+00
-7.092907092907092537e-01 1.368084456607436383e+00
-7.072927072927073233e-01 1.369830664934541309e+00
-7.052947052947053930e-01 1.371546772561185179e+00
-7.032967032967033516e-01 1.373233369338000109e+00
-7.012987012987013102e-01 1.374891033276437469e+00
-6.993006993006993799e-01 1.376520330785776070e+00
-6.973026973026973385e-01 1.378121816905389707e+00
-6.953046953046952972e-01 1.379696035532380405e+00
-6.933066933066933668e-01 1.381243519644649753e+00
-6.913086913086913254e-01 1.382764791519513370e+00
-6.893106893106892841e-01 1.384260362947936196e+00
-6.873126873126873537e-01 1.385730735444504536e+00
-6.853146853146854234e-01 1.387176400453169478e+00
-6.833166833166832710e-01 1.388597839548900703e+00
-6.813186813186813406e-01 1.389995524635289081e+00
-6.793206793206794103e-01 1.391369918138217532e+00
-6.773226773226773689e-01 1.392721473195630777e+00
-6.753246753246753276e-01 1.394050633843538556e+00
-6.733266733266733972e-01 1.395357835198276719e+00
-6.713286713286713558e-01 1.396643503635138783e+00
-6.693306693306693145e-01 1.397908056963421686e+00
-6.673326673326673841e-01 1.399151904597978113e+00
-6.653346653346653428e-01 1.400375447727330691e+00
-6.633366633366633014e-01 1.401579079478438405e+00
-6.613386613386613710e-01 1.402763185078148345e+00
-6.593406593406594407e-01 1.403928142011425573e+00
-6.573426573426573993e-01 1.405074320176425307e+00
-6.553446553446553580e-01 1.406202082036450252e+00
-6.533466533466534276e-01 1.407311782768880359e+00
-6.513486513486513863e-01 1.408403770411105871e+00
-6.493506493506493449e-01 1.409478386003564676e+00
-6.473526473526474145e-01 1.410535963729904418e+00
-6.453546453546453732e-01 1.411576831054326409e+00
-6.433566433566433318e-01 1.412601308856223037e+00
-6.413586413586414015e-01 1.413609711562068716e+00
-6.393606393606394711e-01 1.414602347274721339e+00
-6.373626373626373187e-01 1.415579517900098949e+00
-6.353646353646353884e-01 1.416541519271352190e+00
-6.333666333666334580e-01 1.417488641270516769e+00
-6.313686313686314167e-01 1.418421167947779615e+00
-6.293706293706293753e-01 1.419339377638311639e+00
-6.273726273726274449e-01 1.420243543076785242e+00
-6.253746253746254036e-01 1.421133931509609871e+00
-6.233766233766233622e-01 1.422010804804900941e+00
-6.213786213786214319e-01 1.422874419560255399e+00
-6.193806193806193905e-01 1.423725027208381677e+00
-6.173826173826173491e-01 1.424562874120603340e+00
-6.153846153846154188e-01 1.425388201708288616e+00
-6.133866133866134884e-01 1.426201246522268873e+00
-6.113886113886114471e-01 1.427002240350243589e+00
-6.093906093906094057e-01 1.427791410312259313e+00
-6.073926073926074753e-01 1.428568978954260604e+00
-6.053946053946054340e-01 1.429335164339770259e+00
-6.033966033966033926e-01 1.430090180139748979e+00
-6.013986013986014623e-01 1.430834235720644498e+00
-5.994005994005994209e-01 1.431567536230673232e+00
-5.974025974025973795e-01 1.432290282684395066e+00
-5.954045954045954492e-01 1.433002672045572190e+00
-5.934065934065935188e-01 1.433704897308388349e+00
-5.914085914085913664e-01 1.434397147577030074e+00
-5.894105894105894361e-01 1.435079608143683849e+00
-5.874125874125875058e-01 1.435752460564965416e+00
-5.854145854145854644e-01 1.436415882736824079e+00
-5.834165834165834230e-01 1.437070048967943547e+00
-5.814185814185814927e-01 1.437715130051670842e+00
-5.794205794205794513e-01 1.438351293336525005e+00
-5.774225774225774099e-01 1.438978702795265185e+00
-5.754245754245754796e-01 1.439597519092595812e+00
-5.734265734265734382e-01 1.440207899651515966e+00
-5.714285714285713969e-01 1.440809998718326490e+00
-5.694305694305694665e-01 1.441403967426350352e+00
-5.674325674325675362e-01 1.441989953858377582e+00
-5.654345654345654948e-01 1.442568103107842781e+00
-5.634365634365634534e-01 1.443138557338801808e+00
-5.614385614385615231e-01 1.443701455844685233e+00
-5.594405594405594817e-01 1.444256935105896700e+00
-5.574425574425574403e-01 1.444805128846239350e+00
-5.554445554445555100e-01 1.445346168088227135e+00
-5.534465534465534686e-01 1.445880181207281012e+00
-5.514485514485514273e-01 1.446407293984833142e+00
-5.494505494505494969e-01 1.446927629660390568e+00
-5.474525474525475666e-01 1.447441308982533759e+00
-5.454545454545454142e-01 1.447948450258902620e+00
-5.434565434565434838e-01 1.448449169405182868e+00
-5.414585414585415535e-01 1.448943579993114295e+00
-5.394605394605395121e-01 1.449431793297526250e+00
-5.374625374625374707e-01 1.449913918342448094e+00
-5.354645354645355404e-01 1.450390061946275289e+00
-5.334665334665334990e-01 1.450860328766057972e+00
-5.314685314685314577e-01 1.451324821340872484e+00
-5.294705294705295273e-01 1.451783640134351128e+00
-5.274725274725274859e-01 1.452236883576344617e+00
-5.254745254745254446e-01 1.452684648103754972e+00
-5.234765234765235142e-01 1.453127028200546400e+00
-5.214785214785215839e-01 1.453564116436965925e+00
-5.194805194805195425e-01 1.453996003507967094e+00
-5.174825174825175012e-01 1.454422778270868521e+00
-5.154845154845155708e-01 1.454844527782262587e+00
-5.134865134865135294e-01 1.455261337334174288e+00
-5.114885114885114881e-01 1.455673290489507110e+00
-5.094905094905095577e-01 1.456080469116771248e+00
-5.074925074925075164e-01 1.456482953424125482e+00
-5.054945054945054750e-01 1.456880821992725172e+00
-5.034965034965035446e-01 1.457274151809406337e+00
-5.014985014985016143e-01 1.457663018298725577e+00
-4.995004995004995174e-01 1.458047495354347411e+00
-4.975024975024975316e-01 1.458427655369798792e+00
-4.955044955044954902e-01 1.458803569268618983e+00
-4.935064935064935598e-01 1.459175306533908811e+00
-4.915084915084915185e-01 1.459542935237263528e+00
-4.895104895104895881e-01 1.459906522067157431e+00
-4.875124875124875468e-01 1.460266132356739632e+00
-4.855144855144855054e-01 1.460621830111077379e+00
-4.835164835164835750e-01 1.460973678033857359e+00
-4.815184815184815337e-01 1.461321737553548994e+00
-4.795204795204796033e-01 1.461666068849046596e+00
-4.775224775224775620e-01 1.462006730874790605e+00
-4.755244755244755206e-01 1.462343781385402108e+00
-4.735264735264735902e-01 1.462677276959795103e+00
-4.715284715284715489e-01 1.463007273024839572e+00
-4.695304695304696185e-01 1.463333823878525841e+00
-4.675324675324675772e-01 1.463656982712673527e+00
-4.655344655344655358e-01 1.463976801635191061e+00
-4.635364635364636055e-01 1.464293331691876032e+00
-4.615384615384615641e-01 1.464606622887792975e+00
-4.595404595404595227e-01 1.464916724208207510e+00
-4.575424575424575924e-01 1.465223683639123031e+00
-4.555444555444555510e-01 1.465527548187375961e+00
-4.535464535464536207e-01 1.465828363900361309e+00
-4.515484515484515793e-01 1.466126175885338778e+00
-4.495504495504495379e-01 1.466421028328355858e+00
-4.475524475524476076e-01 1.466712964512806305e+00
-4.455544455544455662e-01 1.467002026837601170e+00
-4.435564435564436359e-01 1.467288256834981208e+00
-4.415584415584415945e-01 1.467571695187970926e+00
-4.395604395604395531e-01 1.467852381747485113e+00
-4.375624375624376228e-01 1.468130355549097876e+00
-4.355644355644355814e-01 1.468405654829463280e+00
-4.335664335664336511e-01 1.468678317042408477e+00
-4.315684315684316097e-01 1.468948378874722405e+00
-4.295704295704295683e-01 1.469215876261604103e+00
-4.275724275724276380e-01 1.469480844401817698e+00
-4.255744255744255966e-01 1.469743317772534752e+00
-4.235764235764235552e-01 1.470003330143885067e+00
-4.215784215784216249e-01 1.470260914593210400e+00
-4.195804195804195835e-01 1.470516103519042383e+00
-4.175824175824176532e-01 1.470768928654786922e+00
-4.155844155844156118e-01 1.471019421082140344e+00
-4.135864135864135704e-01 1.471267611244246654e+00
-4.115884115884116401e-01 1.471513528958568351e+00
-4.095904095904095987e-01 1.471757203429522765e+00
-4.075924075924076684e-01 1.471998663260849716e+00
-4.055944055944056270e-01 1.472237936467744035e+00
-4.035964035964035856e-01 1.472475050488724957e+00
-4.015984015984016553e-01 1.472710032197292129e+00
-3.996003996003996139e-01 1.472942907913330712e+00
-3.976023976023976836e-01 1.473173703414289548e+00
-3.956043956043956422e-01 1.473402443946149498e+00
-3.936063936063936008e-01 1.473629154234149308e+00
-3.916083916083916705e-01 1.473853858493314961e+00
-3.896103896103896291e-01 1.474076580438771877e+00
-3.876123876123876988e-01 1.474297343295846163e+00
-3.856143856143856574e-01 1.474516169809972688e+00
-3.836163836163836161e-01 1.474733082256389327e+00
-3.816183816183816857e-01 1.474948102449658016e+00
-3.796203796203796443e-01 1.475161251752974190e+00
-3.776223776223776030e-01 1.475372551087305695e+00
-3.756243756243756726e-01 1.475582020940334527e+00
-3.736263736263736313e-01 1.475789681375232254e+00
-3.716283716283717009e-01 1.475995552039249592e+00
-3.696303696303696595e-01 1.476199652172139221e+00
-3.676323676323676182e-01 1.476402000614404963e+00
-3.656343656343656878e-01 1.476602615815397090e+00
-3.636363636363636465e-01 1.476801515841224433e+00
-3.616383616383617161e-01 1.476998718382530607e+00
-3.596403596403596747e-01 1.477194240762099486e+00
-3.576423576423576334e-01 1.477388099942309463e+00
-3.556443556443557030e-01 1.477580312532446261e+00
-3.536463536463536617e-01 1.477770894795859435e+00
-3.516483516483517313e-01 1.477959862656989198e+00
-3.496503496503496899e-01 1.478147231708227149e+00
-3.476523476523476486e-01 1.478333017216668432e+00
-3.456543456543457182e-01 1.478517234130707791e+00
-3.436563436563436769e-01 1.478699897086514836e+00
-3.416583416583417465e-01 1.478881020414370973e+00
-3.396603396603397051e-01 1.479060618144886652e+00
-3.376623376623376638e-01 1.479238704015089612e+00
-3.356643356643357334e-01 1.479415291474388106e+00
-3.336663336663336921e-01 1.479590393690423555e+00
-3.316683316683316507e-01 1.479764023554793972e+00
-3.296703296703297204e-01 1.479936193688676349e+00
-3.276723276723276790e-01 1.480106916448321597e+00
-3.256743256743257486e-01 1.480276203930447121e+00
-3.236763236763237073e-01 1.480444067977524814e+00
-3.216783216783216659e-01 1.480610520182952028e+00
-3.196803196803197356e-01 1.480775571896124410e+00
-3.176823176823176942e-01 1.480939234227416357e+00
-3.156843156843157638e-01 1.481101518053038468e+00
-3.136863136863137225e-01 1.481262434019823493e+00
-3.116883116883116811e-01 1.481421992549895927e+00
-3.096903096903097508e-01 1.481580203845253463e+00
-3.076923076923077094e-01 1.481737077892271826e+00
-3.056943056943057790e-01 1.481892624466088160e+00
-3.036963036963037377e-01 1.482046853134923792e+00
-3.016983016983016963e-01 1.482199773264308407e+00
-2.997002997002997660e-01 1.482351394021222735e+00
-2.977022977022977246e-01 1.482501724378149754e+00
-2.957042957042957942e-01 1.482650773117056842e+00
-2.937062937062937529e-01 1.482798548833288876e+00
-2.917082917082917115e-01 1.482945059939383414e+00
-2.897102897102897812e-01 1.483090314668818799e+00
-2.877122877122877398e-01 1.483234321079671902e+00
-2.857142857142856984e-01 1.483377087058209698e+00
-2.837162837162837681e-01 1.483518620322416659e+00
-2.817182817182817267e-01 1.483658928425429790e+00
-2.797202797202797964e-01 1.483798018758935244e+00
-2.777222777222777550e-01 1.483935898556457689e+00
-2.757242757242757136e-01 1.484072574896620367e+00
-2.737262737262737833e-01 1.484208054706319890e+00
-2.717282717282717419e-01 1.484342344763834420e+00
-2.697302697302698116e-01 1.484475451701882776e+00
-2.677322677322677702e-01 1.484607382010610266e+00
-2.657342657342657288e-01 1.484738142040520792e+00
-2.637362637362637985e-01 1.484867738005343218e+00
-2.617382617382617571e-01 1.484996175984846456e+00
-2.597402597402598268e-01 1.485123461927599475e+00
-2.577422577422577854e-01 1.485249601653659823e+00
-2.557442557442557440e-01 1.485374600857229277e+00
-2.537462537462538137e-01 1.485498465109239108e+00
-2.517482517482517723e-01 1.485621199859897823e+00
-2.497502497502497310e-01 1.485742810441166739e+00
-2.477522477522478006e-01 1.485863302069206249e+00
-2.457542457542457592e-01 1.485982679846762800e+00
-2.437562437562438289e-01 1.486100948765504137e+00
-2.417582417582417875e-01 1.486218113708316135e+00
-2.397602397602397462e-01 1.486334179451547000e+00
-2.377622377622378158e-01 1.486449150667205954e+00
-2.357642357642357744e-01 1.486563031925119738e+00
-2.337662337662338441e-01 1.486675827695044028e+00
-2.317682317682318027e-01 1.486787542348729785e+00
-2.297702297702297614e-01 1.486898180161953187e+00
-2.277722277722278310e-01 1.487007745316501817e+00
-2.257742257742257896e-01 1.487116241902106673e+00
-2.237762237762238593e-01 1.487223673918366407e+00
-2.217782217782218179e-01 1.487330045276602730e+00
-2.197802197802197766e-01 1.487435359801682733e+00
-2.177822177822178462e-01 1.487539621233819886e+00
-2.157842157842158048e-01 1.487642833230325978e+00
-2.137862137862138745e-01 1.487744999367322185e+00
-2.117882117882118331e-01 1.487846123141428833e+00
-2.097902097902097918e-01 1.487946207971412527e+00
-2.077922077922078614e-01 1.488045257199794857e+00
-2.057942057942058200e-01 1.488143274094442470e+00
-2.037962037962037787e-01 1.488240261850106716e+00
-2.017982017982018483e-01 1.488336223589944218e+00
-1.998001998001998070e-01 1.488431162367006788e+00
-1.978021978021978766e-01 1.488525081165680275e+00
-1.958041958041958353e-01 1.488617982903131853e+00
-1.938061938061937939e-01 1.488709870430687809e+00
-1.918081918081918635e-01 1.488800746535204222e+00
-1.898101898101898222e-01 1.488890613940403673e+00
-1.878121878121878918e-01 1.488979475308187084e+00
-1.858141858141858505e-01 1.489067333239918911e+00
-1.838161838161838091e-01 1.489154190277673040e+00
-1.818181818181818787e-01 1.489240048905472680e+00
-1.798201798201798374e-01 1.489324911550486519e+00
-1.778221778221779070e-01 1.489408780584213332e+00
-1.758241758241758657e-01 1.489491658323627510e+00
-1.738261738261738243e-01 1.489573547032315481e+00
-1.718281718281718939e-01 1.489654448921579943e+00
-1.698301698301698526e-01 1.489734366151516776e+00
-1.678321678321678112e-01 1.489813300832079968e+00
-1.658341658341658809e-01 1.489891255024113459e+00
-1.638361638361638395e-01 1.489968230740371435e+00
-1.618381618381619091e-01 1.490044229946503096e+00
-1.598401598401598678e-01 1.490119254562027207e+00
-1.578421578421578264e-01 1.490193306461290002e+00
-1.558441558441558961e-01 1.490266387474380005e+00
-1.538461538461538547e-01 1.490338499388052851e+00
-1.518481518481519243e-01 1.490409643946611240e+00
-1.498501498501498830e-01 1.490479822852780245e+00
-1.478521478521478416e-01 1.490549037768555962e+00
-1.458541458541459113e-01 1.490617290316045507e+00
-1.438561438561438699e-01 1.490684582078274589e+00
-1.418581418581419396e-01 1.490750914599979993e+00
-1.398601398601398982e-01 1.490816289388404936e+00
-1.378621378621378568e-01 1.490880707914043812e+00
-1.358641358641359265e-01 1.490944171611393143e+00
-1.338661338661338851e-01 1.491006681879685658e+00
-1.318681318681319548e-01 1.491068240083589957e+00
-1.298701298701299134e-01 1.491128847553913506e+00
-1.278721278721278720e-01 1.491188505588276314e+00
-1.258741258741259417e-01 1.491247215451787067e+00
-1.238761238761239003e-01 1.491304978377671953e+00
-1.218781218781218589e-01 1.491361795567925919e+00
-1.198801198801199286e-01 1.491417668193921076e+00
-1.178821178821178872e-01 1.491472597397015987e+00
-1.158841158841159569e-01 1.491526584289139423e+00
-1.138861138861139155e-01 1.491579629953371677e+00
-1.118881118881118741e-01 1.491631735444503448e+00
-1.098901098901099438e-01 1.491682901789585403e+00
-1.078921078921079024e-01 1.491733129988464635e+00
-1.058941058941059721e-01 1.491782421014296922e+00
-1.038961038961039307e-01 1.491830775814071197e+00
-1.018981018981018893e-01 1.491878195309090938e+00
-9.990009990009995899e-02 1.491924680395468883e+00
-9.790209790209791763e-02 1.491970231944587111e+00
-9.590409590409598728e-02 1.492014850803566439e+00
-9.390609390609394591e-02 1.492058537795706741e+00
-9.190809190809190454e-02 1.492101293720925703e+00
-8.991008991008997420e-02 1.492143119356181380e+00
-8.791208791208793283e-02 1.492184015455883195e+00
-8.591408591408600248e-02 1.492223982752293843e+00
-8.391608391608396111e-02 1.492263021955920976e+00
-8.191808191808191975e-02 1.492301133755894904e+00
-7.992007992007998940e-02 1.492338318820333631e+00
-7.792207792207794803e-02 1.492374577796707236e+00
-7.592407592407590666e-02 1.492409911312180482e+00
-7.392607392607397632e-02 1.492444319973948774e+00
-7.192807192807193495e-02 1.492477804369566119e+00
-6.993006993007000460e-02 1.492510365067266420e+00
-6.793206793206796323e-02 1.492542002616257912e+00
-6.593406593406592187e-02 1.492572717547036465e+00
-6.393606393606399152e-02 1.492602510371654922e+00
-6.193806193806195015e-02 1.492631381584018202e+00
-5.994005994006001981e-02 1.492659331660138200e+00
-5.794205794205797844e-02 1.492686361058395361e+00
-5.594405594405593707e-02 1.492712470219793808e+00
-5.394605394605400672e-02 1.492737659568196928e+00
-5.194805194805196535e-02 1.492761929510557639e+00
-4.995004995005003501e-02 1.492785280437142204e+00
-4.795204795204799364e-02 1.492807712721750946e+00
-4.595404595404595227e-02 1.492829226721907432e+00
-4.395604395604402193e-02 1.492849822779068081e+00
-4.195804195804198056e-02 1.492869501218805128e+00
-3.996003996004005021e-02 1.492888262350982487e+00
-3.796203796203800884e-02 1.492906106469932270e+00
-3.596403596403596747e-02 1.492923033854611115e+00
-3.396603396603403713e-02 1.492939044768758272e+00
-3.196803196803199576e-02 1.492954139461038832e+00
-2.997002997002995439e-02 1.492968318165179831e+00
-2.797202797202802405e-02 1.492981581100102373e+00
-2.597402597402598268e-02 1.492993928470042420e+00
-2.397602397602405233e-02 1.493005360464662035e+00
-2.197802197802201096e-02 1.493015877259153079e+00
-1.998001998001996959e-02 1.493025479014340906e+00
-1.798201798201803925e-02 1.493034165876763186e+00
-1.598401598401599788e-02 1.493041937978762501e+00
-1.398601398601406753e-02 1.493048795438547849e+00
-1.198801198801202617e-02 1.493054738360274580e+00
-9.990009990009984797e-03 1.493059766834090807e+00
-7.992007992008054451e-03 1.493063880936188248e+00
-5.994005994006013083e-03 1.493067080728851526e+00
-3.996003996004082737e-03 1.493069366260485031e+00
-1.998001998002041368e-03 1.493070737565649120e+00
0.000000000000000000e+00 1.493071194665068102e+00
1.998001998002041368e-03 1.493070737565649120e+00
3.996003996003971714e-03 1.493069366260485031e+00
5.994005994005902060e-03 1.493067080728851526e+00
7.992007992008054451e-03 1.493063880936188248e+00
9.990009990009984797e-03 1.493059766834090807e+00
1.198801198801191514e-02 1.493054738360274580e+00
1.398601398601384549e-02 1.493048795438547849e+00
1.598401598401599788e-02 1.493041937978762501e+00
1.798201798201792823e-02 1.493034165876763186e+00
1.998001998001985857e-02 1.493025479014340906e+00
2.197802197802201096e-02 1.493015877259153079e+00
2.397602397602394131e-02 1.493005360464662035e+00
2.597402597402587165e-02 1.492993928470042420e+00
2.797202797202802405e-02 1.492981581100102373e+00
2.997002997002995439e-02 1.492968318165179831e+00
3.196803196803188474e-02 1.492954139461038832e+00
3.396603396603403713e-02 1.492939044768758272e+00
3.596403596403596747e-02 1.492923033854611115e+00
3.796203796203789782e-02 1.492906106469933158e+00
3.996003996003982817e-02 1.492888262350982487e+00
4.195804195804198056e-02 1.492869501218805128e+00
4.395604395604391090e-02 1.492849822779068081e+00
4.595404595404584125e-02 1.492829226721907432e+00
4.795204795204799364e-02 1.492807712721750946e+00
4.995004995004992399e-02 1.492785280437142204e+00
5.194805194805185433e-02 1.492761929510557639e+00
5.394605394605400672e-02 1.492737659568196928e+00
5.594405594405593707e-02 1.492712470219793808e+00
5.794205794205786741e-02 1.492686361058395361e+00
5.994005994005979776e-02 1.492659331660138200e+00
6.193806193806195015e-02 1.492631381584018202e+00
6.393606393606388050e-02 1.492602510371654922e+00
6.593406593406581084e-02 1.492572717547036465e+00
6.793206793206796323e-02 1.492542002616257912e+00
6.993006993006989358e-02 1.492510365067266420e+00
7.192807192807182393e-02 1.492477804369566119e+00
7.392607392607397632e-02 1.492444319973948774e+00
7.592407592407590666e-02 1.492409911312180482e+00
7.792207792207783701e-02 1.492374577796707236e+00
7.992007992007998940e-02 1.492338318820333631e+00
8.191808191808191975e-02 1.492301133755894904e+00
8.391608391608385009e-02 1.492263021955920976e+00
8.591408591408578044e-02 1.492223982752293843e+00
8.791208791208793283e-02 1.492184015455883195e+00
8.991008991008986317e-02 1.492143119356181380e+00
9.190809190809179352e-02 1.492101293720925703e+00
9.390609390609394591e-02 1.492058537795706741e+00
9.590409590409587626e-02 1.492014850803566439e+00
9.790209790209780660e-02 1.491970231944587111e+00
9.990009990009995899e-02 1.491924680395468883e+00
1.018981018981018893e-01 1.491878195309090938e+00
1.038961038961038197e-01 1.491830775814071197e+00
1.058941058941057500e-01 1.491782421014296922e+00
1.078921078921079024e-01 1.491733129988464635e+00
1.098901098901098328e-01 1.491682901789585403e+00
1.118881118881117631e-01 1.491631735444503448e+00
1.138861138861139155e-01 1.491579629953371677e+00
1.158841158841158459e-01 1.491526584289139423e+00
1.178821178821177762e-01 1.491472597397016653e+00
1.198801198801199286e-01 1.491417668193921076e+00
1.218781218781218589e-01 1.491361795567925919e+00
1.238761238761237893e-01 1.491304978377671953e+00
1.258741258741259417e-01 1.491247215451787067e+00
1.278721278721278720e-01 1.491188505588276314e+00
1.298701298701298024e-01 1.491128847553913506e+00
1.318681318681317327e-01 1.491068240083589957e+00
1.338661338661338851e-01 1.491006681879685658e+00
1.358641358641358154e-01 1.490944171611393143e+00
1.378621378621377458e-01 1.490880707914043812e+00
1.398601398601398982e-01 1.490816289388404936e+00
1.418581418581418285e-01 1.490750914599979993e+00
1.438561438561437589e-01 1.490684582078274589e+00
1.458541458541459113e-01 1.490617290316045507e+00
1.478521478521478416e-01 1.490549037768555962e+00
1.498501498501497720e-01 1.490479822852780023e+00
1.518481518481519243e-01 1.490409643946611240e+00
1.538461538461538547e-01 1.490338499388052851e+00
1.558441558441557850e-01 1.490266387474380005e+00
1.578421578421577154e-01 1.490193306461290002e+00
1.598401598401598678e-01 1.490119254562027207e+00
1.618381618381617981e-01 1.490044229946503096e+00
1.638361638361637285e-01 1.489968230740371435e+00
1.658341658341658809e-01 1.489891255024113459e+00
1.678321678321678112e-01 1.489813300832079968e+00
1.698301698301697416e-01 1.489734366151516776e+00
1.718281718281718939e-01 1.489654448921579943e+00
1.738261738261738243e-01 1.489573547032315481e+00
1.758241758241757546e-01 1.489491658323627510e+00
1.778221778221776850e-01 1.489408780584213332e+00
1.798201798201798374e-01 1.489324911550486519e+00
1.818181818181817677e-01 1.489240048905472680e+00
1.838161838161836981e-01 1.489154190277673040e+00
1.858141858141858505e-01 1.489067333239918911e+00
1.878121878121877808e-01 1.488979475308187084e+00
1.898101898101897111e-01 1.488890613940403673e+00
1.918081918081918635e-01 1.488800746535204222e+00
1.938061938061937939e-01 1.488709870430687809e+00
1.958041958041957242e-01 1.488617982903131853e+00
1.978021978021978766e-01 1.488525081165680275e+00
1.998001998001998070e-01 1.488431162367006788e+00
2.017982017982017373e-01 1.488336223589944218e+00
2.037962037962036677e-01 1.488240261850106716e+00
2.057942057942058200e-01 1.488143274094442470e+00
2.077922077922077504e-01 1.488045257199795968e+00
2.097902097902096807e-01 1.487946207971412527e+00
2.117882117882118331e-01 1.487846123141428833e+00
2.137862137862137635e-01 1.487744999367322185e+00
2.157842157842156938e-01 1.487642833230325978e+00
2.177822177822178462e-01 1.487539621233819886e+00
2.197802197802197766e-01 1.487435359801682733e+00
2.217782217782217069e-01 1.487330045276602730e+00
2.237762237762236373e-01 1.487223673918366407e+00
2.257742257742257896e-01 1.487116241902106673e+00
2.277722277722277200e-01 1.487007745316501817e+00
2.297702297702296503e-01 1.486898180161953187e+00
2.317682317682318027e-01 1.486787542348729785e+00
2.337662337662337331e-01 1.486675827695044028e+00
2.357642357642356634e-01 1.486563031925120626e+00
2.377622377622378158e-01 1.486449150667205954e+00
2.397602397602397462e-01 1.486334179451547000e+00
2.417582417582416765e-01 1.486218113708316135e+00
2.437562437562438289e-01 1.486100948765504137e+00
2.457542457542457592e-01 1.485982679846762800e+00
2.477522477522476896e-01 1.485863302069206249e+00
2.497502497502496199e-01 1.485742810441166739e+00
2.517482517482517723e-01 1.485621199859897823e+00
2.537462537462537027e-01 1.485498465109240440e+00
2.557442557442556330e-01 1.485374600857228389e+00
2.577422577422577854e-01 1.485249601653659823e+00
2.597402597402597157e-01 1.485123461927599475e+00
2.617382617382616461e-01 1.484996175984846456e+00
2.637362637362637985e-01 1.484867738005343218e+00
2.657342657342657288e-01 1.484738142040520792e+00
2.677322677322676592e-01 1.484607382010610266e+00
2.697302697302695895e-01 1.484475451701882776e+00
2.717282717282717419e-01 1.484342344763834420e+00
2.737262737262736723e-01 1.484208054706319002e+00
2.757242757242756026e-01 1.484072574896621255e+00
2.777222777222777550e-01 1.483935898556457689e+00
2.797202797202796853e-01 1.483798018758935244e+00
2.817182817182816157e-01 1.483658928425429790e+00
2.837162837162837681e-01 1.483518620322416659e+00
2.857142857142856984e-01 1.483377087058209698e+00
2.877122877122876288e-01 1.483234321079671902e+00
2.897102897102897812e-01 1.483090314668818799e+00
2.917082917082917115e-01 1.482945059939383414e+00
2.937062937062936419e-01 1.482798548833288876e+00
2.957042957042955722e-01 1.482650773117056842e+00
2.977022977022977246e-01 1.482501724378149754e+00
2.997002997002996549e-01 1.482351394021222735e+00
3.016983016983015853e-01 1.482199773264309295e+00
3.036963036963037377e-01 1.482046853134923792e+00
3.056943056943056680e-01 1.481892624466088160e+00
3.076923076923075984e-01 1.481737077892271826e+00
3.096903096903097508e-01 1.481580203845253463e+00
3.116883116883116811e-01 1.481421992549895927e+00
3.136863136863136114e-01 1.481262434019824381e+00
3.156843156843155418e-01 1.481101518053038468e+00
3.176823176823176942e-01 1.480939234227416357e+00
3.196803196803196245e-01 1.480775571896124410e+00
3.216783216783215549e-01 1.480610520182952028e+00
3.236763236763237073e-01 1.480444067977524814e+00
3.256743256743256376e-01 1.480276203930447121e+00
3.276723276723275680e-01 1.480106916448321597e+00
3.296703296703297204e-01 1.479936193688676349e+00
3.316683316683316507e-01 1.479764023554793972e+00
3.336663336663335810e-01 1.479590393690424444e+00
3.356643356643357334e-01 1.479415291474388106e+00
3.376623376623376638e-01 1.479238704015089612e+00
3.396603396603395941e-01 1.479060618144886652e+00
3.416583416583415245e-01 1.478881020414370973e+00
3.436563436563436769e-01 1.478699897086514836e+00
3.456543456543456072e-01 1.478517234130707791e+00
3.476523476523475376e-01 1.478333017216668432e+00
3.496503496503496899e-01 1.478147231708227149e+00
3.516483516483516203e-01 1.477959862656989198e+00
3.536463536463535506e-01 1.477770894795859435e+00
3.556443556443557030e-01 1.477580312532446261e+00
3.576423576423576334e-01 1.477388099942309463e+00
3.596403596403595637e-01 1.477194240762099486e+00
3.616383616383614941e-01 1.476998718382530607e+00
3.636363636363636465e-01 1.476801515841224433e+00
3.656343656343655768e-01 1.476602615815397090e+00
3.676323676323675071e-01 1.476402000614404963e+00
3.696303696303696595e-01 1.476199652172139221e+00
3.716283716283715899e-01 1.475995552039249592e+00
3.736263736263735202e-01 1.475789681375232254e+00
3.756243756243756726e-01 1.475582020940334527e+00
3.776223776223776030e-01 1.475372551087305695e+00
3.796203796203795333e-01 1.475161251752974190e+00
3.816183816183816857e-01 1.474948102449658016e+00
3.836163836163836161e-01 1.474733082256389327e+00
3.856143856143855464e-01 1.474516169809972688e+00
3.876123876123874767e-01 1.474297343295846163e+00
3.896103896103896291e-01 1.474076580438771877e+00
3.916083916083915595e-01 1.473853858493314961e+00
3.936063936063934898e-01 1.473629154234149308e+00
3.956043956043956422e-01 1.473402443946149498e+00
3.976023976023975726e-01 1.473173703414289548e+00
3.996003996003995029e-01 1.472942907913330490e+00
4.015984015984016553e-01 1.472710032197292129e+00
4.035964035964035856e-01 1.472475050488724957e+00
4.055944055944055160e-01 1.472237936467744035e+00
4.075924075924074463e-01 1.471998663260850382e+00
4.095904095904095987e-01 1.471757203429522765e+00
4.115884115884115291e-01 1.471513528958568351e+00
4.135864135864134594e-01 1.471267611244246654e+00
4.155844155844156118e-01 1.471019421082140344e+00
4.175824175824175422e-01 1.470768928654786922e+00
4.195804195804194725e-01 1.470516103519042383e+00
4.215784215784216249e-01 1.470260914593210400e+00
4.235764235764235552e-01 1.470003330143885067e+00
4.255744255744254856e-01 1.469743317772534752e+00
4.275724275724276380e-01 1.469480844401817698e+00
4.295704295704295683e-01 1.469215876261604103e+00
4.315684315684314987e-01 1.468948378874723071e+00
4.335664335664334290e-01 1.468678317042408477e+00
4.355644355644355814e-01 1.468405654829463280e+00
4.375624375624375118e-01 1.468130355549097876e+00
4.395604395604394421e-01 1.467852381747485113e+00
4.415584415584415945e-01 1.467571695187970926e+00
4.435564435564435248e-01 1.467288256834981208e+00
4.455544455544454552e-01 1.467002026837602280e+00
4.475524475524476076e-01 1.466712964512806305e+00
4.495504495504495379e-01 1.466421028328355858e+00
4.515484515484514683e-01 1.466126175885338778e+00
4.535464535464536207e-01 1.465828363900361309e+00
4.555444555444555510e-01 1.465527548187375961e+00
4.575424575424574813e-01 1.465223683639123031e+00
4.595404595404594117e-01 1.464916724208207510e+00
4.615384615384615641e-01 1.464606622887792975e+00
4.635364635364634944e-01 1.464293331691876032e+00
4.655344655344654248e-01 1.463976801635190839e+00
4.675324675324675772e-01 1.463656982712673527e+00
4.695304695304695075e-01 1.463333823878525841e+00
4.715284715284714379e-01 1.463007273024839572e+00
4.735264735264735902e-01 1.462677276959795103e+00
4.755244755244755206e-01 1.462343781385402108e+00
4.775224775224774509e-01 1.462006730874790605e+00
4.795204795204793813e-01 1.461666068849046374e+00
4.815184815184815337e-01 1.461321737553548994e+00
4.835164835164834640e-01 1.460973678033857359e+00
4.855144855144853944e-01 1.460621830111077379e+00
4.875124875124875468e-01 1.460266132356739632e+00
4.895104895104894771e-01 1.459906522067157431e+00
4.915084915084914075e-01 1.459542935237263528e+00
4.935064935064935598e-01 1.459175306533908811e+00
4.955044955044954902e-01 1.458803569268618983e+00
4.975024975024974205e-01 1.458427655369798792e+00
4.995004995004995729e-01 1.458047495354347411e+00
5.014985014985015033e-01 1.457663018298725577e+00
5.034965034965034336e-01 1.457274151809406337e+00
5.054945054945053640e-01 1.456880821992725172e+00
5.074925074925075164e-01 1.456482953424125482e+00
5.094905094905094467e-01 1.456080469116772136e+00
5.114885114885113770e-01 1.455673290489507110e+00
5.134865134865135294e-01 1.455261337334174288e+00
5.154845154845154598e-01 1.454844527782262587e+00
5.174825174825173901e-01 1.454422778270868521e+00
5.194805194805195425e-01 1.453996003507967094e+00
5.214785214785214729e-01 1.453564116436965925e+00
5.234765234765234032e-01 1.453127028200546400e+00
5.254745254745253336e-01 1.452684648103755194e+00
5.274725274725274859e-01 1.452236883576344617e+00
5.294705294705294163e-01 1.451783640134352016e+00
5.314685314685313466e-01 1.451324821340872484e+00
5.334665334665334990e-01 1.450860328766057972e+00
5.354645354645354294e-01 1.450390061946275289e+00
5.374625374625373597e-01 1.449913918342448094e+00
5.394605394605395121e-01 1.449431793297526250e+00
5.414585414585414425e-01 1.448943579993114295e+00
5.434565434565433728e-01 1.448449169405182868e+00
5.454545454545455252e-01 1.447948450258901731e+00
5.474525474525474555e-01 1.447441308982533759e+00
5.494505494505493859e-01 1.446927629660390568e+00
5.514485514485513162e-01 1.446407293984833142e+00
5.534465534465534686e-01 1.445880181207281012e+00
5.554445554445553990e-01 1.445346168088227135e+00
5.574425574425573293e-01 1.444805128846239350e+00
5.594405594405594817e-01 1.444256935105896700e+00
5.614385614385614121e-01 1.443701455844685233e+00
5.634365634365633424e-01 1.443138557338801808e+00
5.654345654345654948e-01 1.442568103107842781e+00
5.674325674325674251e-01 1.441989953858376694e+00
5.694305694305693555e-01 1.441403967426351240e+00
5.714285714285712858e-01 1.440809998718326490e+00
5.734265734265734382e-01 1.440207899651515966e+00
5.754245754245753686e-01 1.439597519092595812e+00
5.774225774225772989e-01 1.438978702795265185e+00
5.794205794205794513e-01 1.438351293336525005e+00
5.814185814185813816e-01 1.437715130051670842e+00
5.834165834165833120e-01 1.437070048967943547e+00
5.854145854145854644e-01 1.436415882736824079e+00
5.874125874125873947e-01 1.435752460564966748e+00
5.894105894105893251e-01 1.435079608143683849e+00
5.914085914085914775e-01 1.434397147577030074e+00
5.934065934065934078e-01 1.433704897308389237e+00
5.954045954045953382e-01 1.433002672045572190e+00
5.974025974025972685e-01 1.432290282684395066e+00
5.994005994005994209e-01 1.431567536230673232e+00
6.013986013986013512e-01 1.430834235720643610e+00
6.033966033966032816e-01 1.430090180139748979e+00
6.053946053946054340e-01 1.429335164339770259e+00
6.073926073926073643e-01 1.428568978954259938e+00
6.093906093906092947e-01 1.427791410312259313e+00
6.113886113886114471e-01 1.427002240350243589e+00
6.133866133866133774e-01 1.426201246522268207e+00
6.153846153846153078e-01 1.425388201708288616e+00
6.173826173826172381e-01 1.424562874120603340e+00
6.193806193806193905e-01 1.423725027208381677e+00
6.213786213786213208e-01 1.422874419560255399e+00
6.233766233766232512e-01 1.422010804804900941e+00
6.253746253746254036e-01 1.421133931509609871e+00
6.273726273726273339e-01 1.420243543076785242e+00
6.293706293706292643e-01 1.419339377638310529e+00
6.313686313686314167e-01 1.418421167947779615e+00
6.333666333666333470e-01 1.417488641270516769e+00
6.353646353646352773e-01 1.416541519271351302e+00
6.373626373626374297e-01 1.415579517900098949e+00
6.393606393606393601e-01 1.414602347274721117e+00
6.413586413586412904e-01 1.413609711562067606e+00
6.433566433566432208e-01 1.412601308856223037e+00
6.453546453546453732e-01 1.411576831054326409e+00
6.473526473526473035e-01 1.410535963729904418e+00
6.493506493506492339e-01 1.409478386003564676e+00
6.513486513486513863e-01 1.408403770411105871e+00
6.533466533466533166e-01 1.407311782768881026e+00
6.553446553446552469e-01 1.406202082036450252e+00
6.573426573426573993e-01 1.405074320176425307e+00
6.593406593406593297e-01 1.403928142011425795e+00
6.613386613386612600e-01 1.402763185078148567e+00
6.633366633366634124e-01 1.401579079478439294e+00
6.653346653346653428e-01 1.400375447727330691e+00
6.673326673326672731e-01 1.399151904597978335e+00
6.693306693306692035e-01 1.397908056963421686e+00
6.713286713286713558e-01 1.396643503635138783e+00
6.733266733266732862e-01 1.395357835198276941e+00
6.753246753246752165e-01 1.394050633843538778e+00
6.773226773226773689e-01 1.392721473195630777e+00
6.793206793206792993e-01 1.391369918138217532e+00
6.813186813186812296e-01 1.389995524635290192e+00
6.833166833166833820e-01 1.388597839548900481e+00
6.853146853146853124e-01 1.387176400453169478e+00
6.873126873126872427e-01 1.385730735444505646e+00
6.893106893106891730e-01 1.384260362947936418e+00
6.913086913086913254e-01 1.382764791519513370e+00
6.933066933066932558e-01 1.381243519644649975e+00
6.953046953046951861e-01 1.379696035532380627e+00
6.973026973026973385e-01 1.378121816905389707e+00
6.993006993006992689e-01 1.376520330785776070e+00
7.012987012987011992e-01 1.374891033276437469e+00
7.032967032967033516e-01 1.373233369338000109e+00
7.052947052947052820e-01 1.371546772561185179e+00
7.072927072927072123e-01 1.369830664934541309e+00
7.092907092907093647e-01 1.368084456607435495e+00
7.112887112887112950e-01 1.366307545648207000e+00
7.132867132867132254e-01 1.364499317797379874e+00
7.152847152847151557e-01 1.362659146215851047e+00
7.172827172827173081e-01 1.360786391227941650e+00
7.192807192807192385e-01 1.358880400059190752e+00
7.212787212787211688e-01 1.356940506568816929e+00
7.232767232767233212e-01 1.354966030976707758e+00
7.252747252747252515e-01 1.352956279584854871e+00
7.272727272727271819e-01 1.350910544493086896e+00
7.292707292707293343e-01 1.348828103309020365e+00
7.312687312687312646e-01 1.346708218852084249e+00
7.332667332667331950e-01 1.344550138851505983e+00
7.352647352647351253e-01 1.342353095638146643e+00
7.372627372627372777e-01 1.340116305830035603e+00
7.392607392607392081e-01 1.337838970011505424e+00
7.412587412587411384e-01 1.335520272405760211e+00
7.432567432567432908e-01 1.333159380540795746e+00
7.452547452547452211e-01 1.330755444908480856e+00
7.472527472527471515e-01 1.328307598616686569e+00
7.492507492507493039e-01 1.325814957034337382e+00
7.512487512487512342e-01 1.323276617429201663e+00
7.532467532467531646e-01 1.320691658598309060e+00
7.552447552447553170e-01 1.318059140490824399e+00
7.572427572427572473e-01 1.315378103823234168e+00
7.592407592407591777e-01 1.312647569686673066e+00
7.612387612387611080e-01 1.309866539146258058e+00
7.632367632367632604e-01 1.307033992832242975e+00
7.652347652347651907e-01 1.304148890522836224e+00
7.672327672327671211e-01 1.301210170718507975e+00
7.692307692307692735e-01 1.298216750207621839e+00
7.712287712287712038e-01 1.295167523623214523e+00
7.732267732267731342e-01 1.292061362990704732e+00
7.752247752247752866e-01 1.288897117266436965e+00
7.772227772227772169e-01 1.285673611866756438e+00
7.792207792207791472e-01 1.282389648187519882e+00
7.812187812187810776e-01 1.279044003113791073e+00
7.832167832167832300e-01 1.275635428519552139e+00
7.852147852147851603e-01 1.272162650757194591e+00
7.872127872127870907e-01 1.268624370136629098e+00
7.892107892107892431e-01 1.265019260393743350e+00
7.912087912087911734e-01 1.261345968148055219e+00
7.932067932067931038e-01 1.257603112349283681e+00
7.952047952047952561e-01 1.253789283712636538e+00
7.972027972027971865e-01 1.249903044142617992e+00
7.992007992007991168e-01 1.245942926145043206e+00
8.011988011988012692e-01 1.241907432227095764e+00
8.031968031968031996e-01 1.237795034285157803e+00
8.051948051948051299e-01 1.233604172980129476e+00
8.071928071928070603e-01 1.229333257100060584e+00
8.091908091908092127e-01 1.224980662909738172e+00
8.111888111888111430e-01 1.220544733487067823e+00
8.131868131868130734e-01 1.216023778045882464e+00
8.151848151848152257e-01 1.211416071244973303e+00
8.171828171828171561e-01 1.206719852483037814e+00
8.191808191808190864e-01 1.201933325179240342e+00
8.211788211788212388e-01 1.197054656039121978e+00
8.231768231768231692e-01 1.192081974305545744e+00
8.251748251748250995e-01 1.187013370994373984e+00
8.271728271728270299e-01 1.181846898114564892e+00
8.291708291708291823e-01 1.176580567872380412e+00
8.311688311688311126e-01 1.171212351859371559e+00
8.331668331668330429e-01 1.165740180223814093e+00
8.351648351648351953e-01 1.160161940825264137e+00
8.371628371628371257e-01 1.154475478371877362e+00
8.391608391608390560e-01 1.148678593540148896e+00
8.411588411588412084e-01 1.142769042076725361e+00
8.431568431568431388e-01 1.136744533881895780e+00
8.451548451548450691e-01 1.130602732074427186e+00
8.471528471528472215e-01 1.124341252037321048e+00
8.491508491508491518e-01 1.117957660444149459e+00
8.511488511488510822e-01 1.111449474265532089e+00
8.531468531468530125e-01 1.104814159755385328e+00
8.551448551448551649e-01 1.098049131416492852e+00
8.571428571428570953e-01 1.091151750945034138e+00
8.591408591408590256e-01 1.084119326153577312e+00
8.611388611388611780e-01 1.076949109872132215e+00
8.631368631368631084e-01 1.069638298826847356e+00
8.651348651348650387e-01 1.062184032495806951e+00
8.671328671328671911e-01 1.054583391941568138e+00
8.691308691308691214e-01 1.046833398619876121e+00
8.711288711288710518e-01 1.038931013164142492e+00
8.731268731268729821e-01 1.030873134145130487e+00
8.751248751248751345e-01 1.022656596805396889e+00
8.771228771228770649e-01 1.014278171767943881e+00
8.791208791208789952e-01 1.005734563718557961e+00
8.811188811188811476e-01 9.970224100613270801e-01
8.831168831168830780e-01 9.881382795467511526e-01
8.851148851148850083e-01 9.790786708719153575e-01
8.871128871128871607e-01 9.698400112521600169e-01
8.891108891108890910e-01 9.604186549636428705e-01
8.911088911088910214e-01 9.508108818562168718e-01
8.931068931068931738e-01 9.410128958360360896e-01
8.951048951048951041e-01 9.310208233172352355e-01
8.971028971028970345e-01 9.208307116420808569e-01
8.991008991008989648e-01 9.104385274689551499e-01
9.010989010989011172e-01 8.998401551275034826e-01
9.030969030969030475e-01 8.890313949402717242e-01
9.050949050949049779e-01 8.780079615101886725e-01
9.070929070929071303e-01 8.667654819731430704e-01
9.090909090909090606e-01 8.552994942150076163e-01
9.110889110889109910e-01 8.436054450523161607e-01
9.130869130869131434e-01 8.316786883759273996e-01
9.150849150849150737e-01 8.195144832568744819e-01
9.170829170829170041e-01 8.071079920136337016e-01
9.190809190809189344e-01 7.944542782400493275e-01
9.210789210789210868e-01 7.815483047931031102e-01
9.230769230769230171e-01 7.683849317397094536e-01
9.250749250749249475e-01 7.549589142616974780e-01
9.270729270729270999e-01 7.412649005181467521e-01
9.290709290709290302e-01 7.272974294641941784e-01
9.310689310689309606e-01 7.130509286254274048e-01
9.330669330669331130e-01 6.985197118269768080e-01
9.350649350649350433e-01 6.836979768763625787e-01
9.370629370629369737e-01 6.685798031991667667e-01
9.390609390609391260e-01 6.531591494265807096e-01
9.410589410589410564e-01 6.374298509338311991e-01
9.430569430569429867e-01 6.213856173284915130e-01
9.450549450549449171e-01 6.050200298876756699e-01
9.470529470529470695e-01 5.883265389430427650e-01
9.490509490509489998e-01 5.712984612125859840e-01
9.510489510489509302e-01 5.539289770780930766e-01
9.530469530469530826e-01 5.362111278071899356e-01
9.550449550449550129e-01 5.181378127188592808e-01
9.570429570429569432e-01 4.997017862912189745e-01
9.590409590409590956e-01 4.808956552104788895e-01
9.610389610389610260e-01 4.617118753598012382e-01
9.630369630369629563e-01 4.421427487468775896e-01
9.650349650349651087e-01 4.221804203689750734e-01
9.670329670329670391e-01 4.018168750141919987e-01
9.690309690309689694e-01 3.810439339975673634e-01
9.710289710289708998e-01 3.598532518308194539e-01
9.730269730269730521e-01 3.382363128242522055e-01
9.750249750249749825e-01 3.161844276195608927e-01
9.770229770229769128e-01 2.936887296520213630e-01
9.790209790209790652e-01 2.707401715407201093e-01
9.810189810189809956e-01 2.473295214053232993e-01
9.830169830169829259e-01 2.234473591078628141e-01
9.850149850149850783e-01 1.990840724180797661e-01
9.870129870129870087e-01 1.742298531007188955e-01
9.890109890109889390e-01 1.488746929231962168e-01
9.910089910089908694e-01 1.230083795820590409e-01
9.930069930069930217e-01 9.662049254651240704e-02
9.950049950049949521e-01 6.970039881743229915e-02
9.970029970029968824e-01 4.223724859998346376e-02
9.990009990009990348e-01 1.421997086715257909e-02
