0.0018349471 0.0080900112
0.005599258 0.074430671
0.0095572608 0.21489194
0.013718922 0.43838754
0.01809472  0.7528863
0.022695674   1.163435
0.027533369  1.6696636
0.032619987  2.2632017
0.037968336  2.9259316
0.043591883  3.6299633
0.049504788  4.3399837
0.05572194  5.0177112
0.062258995  5.6273657
0.069132413  6.1406164
 0.0763595  6.5397239
0.083958457  6.8182843
0.091948415  6.9798886
 0.1003495  7.0354937
0.10918285  7.0004931
0.11847073      6.892
0.12823651  6.7267986
0.13850478   6.519904
0.14930141  6.2838973
0.16065358  6.0288651
0.17258987  5.7628044
0.18514034  5.4919996
0.19833659   5.221167
0.21221185  4.9535293
0.22680106  4.6915281
0.24214095  4.4374355
0.25827016  4.1929806
0.27522929  3.9590032
0.29306105  3.7358282
0.31181034  3.5236325
0.33152437  3.3223881
0.35225278  3.1315227
0.37404776  2.9498829
 0.3969642  2.7754547
0.42105981  2.6058413
0.44639524  2.4396506
0.47303431  2.2769982
0.50104409  2.1185677
 0.5304951  1.9651952
 0.5614615  1.8172985
0.59402128  1.6755698
0.62825641   1.541265
0.66425311  1.4147194
0.70210201  1.2964221
0.74189841   1.187849
0.78374253   1.090161
0.82773973  1.0050851
 0.8740008 0.93434963
0.92264222 0.88270222
0.97378647 0.85414675
