0.0018349471   5.287579
0.005599258  5.2844221
0.0095572608  5.2837476
0.013718922  5.2836067
0.01809472  5.2850081
0.022695674  5.2876729
0.027533369  5.2917956
0.032619987  5.2975762
0.037968336  5.3048618
0.043591883  5.3139472
0.049504788  5.3245202
0.05572194  5.3367716
0.062258995  5.3502778
0.069132413  5.3650347
 0.0763595  5.3805295
0.083958457  5.3965613
0.091948415  5.4125394
 0.1003495  5.4280839
0.10918285  5.4425799
0.11847073  5.4555255
0.12823651  5.4663421
0.13850478  5.4744445
0.14930141  5.4793213
0.16065358  5.4803331
0.17258987  5.4770866
0.18514034  5.4689449
0.19833659  5.4556958
0.21221185  5.4367554
0.22680106  5.4121332
0.24214095  5.3813162
0.25827016  5.3445271
0.27522929  5.3014097
0.29306105    5.25262
0.31181034  5.1980223
0.33152437  5.1383299
0.35225278   5.073347
0.37404776  5.0041308
 0.3969642  4.9307915
0.42105981  4.8546602
0.44639524  4.7757209
0.47303431  4.6953147
0.50104409  4.6135821
 0.5304951  4.5323255
 0.5614615  4.4517189
0.59402128   4.373584
0.62825641  4.2978203
0.66425311  4.2260931
0.70210201  4.1584914
0.74189841  4.0971486
0.78374253  4.0425383
0.82773973  3.9966262
 0.8740008  3.9595756
0.92264222  3.9333033
0.97378647  3.9187767
