0.0018349471 0.12131902
0.005599258 0.37015106
0.0095572608 0.63160175
0.013718922 0.90543188
0.01809472  1.1904126
0.022695674  1.4840042
0.027533369  1.7821167
0.032619987  2.0790674
0.037968336  2.3678501
0.043591883  2.6407322
0.049504788  2.8900978
0.05572194   3.109362
0.062258995  3.2937202
0.069132413  3.4405835
 0.0763595  3.5496307
0.083958457  3.6225259
0.091948415  3.6624183
 0.1003495  3.6733719
0.10918285   3.659852
0.11847073   3.626299
0.12823651  3.5768334
0.13850478  3.5150505
0.14930141  3.4439448
0.16065358  3.3659387
0.17258987  3.2830002
0.18514034  3.1967322
0.19833659  3.1083852
0.21221185  3.0188612
0.22680106   2.928926
0.24214095  2.8393868
0.25827016  2.7509472
0.27522929  2.6640716
0.29306105  2.5790822
0.31181034  2.4962599
0.33152437   2.415815
0.35225278  2.3377481
0.37404776  2.2617687
 0.3969642  2.1871619
0.42105981  2.1129366
0.44639524   2.038412
0.47303431  1.9635756
0.50104409  1.8887713
 0.5304951  1.8143773
 0.5614615  1.7404678
0.59402128  1.6672358
0.62825641  1.5952495
0.66425311  1.5246558
0.70210201  1.4559337
0.74189841  1.3902843
0.78374253  1.3289567
0.82773973  1.2734513
 0.8740008  1.2255874
0.92264222  1.1895018
0.97378647  1.1691844
