0.0018349471 0.34068329
0.005599258   1.036958
0.0095572608  1.7657874
0.013718922  2.5276056
0.01809472  3.3220295
0.022695674  4.1475403
0.027533369  5.0011713
0.032619987  5.8782711
0.037968336   6.772426
0.043591883  7.6756092
0.049504788  8.5785858
0.05572194  9.4715446
0.062258995  10.344852
0.069132413  11.189797
 0.0763595  11.999191
0.083958457  12.767737
0.091948415  13.492132
 0.1003495  14.170928
0.10918285  14.804259
0.11847073   15.39347
0.12823651  15.940738
0.13850478  16.448734
0.14930141  16.920365
0.16065358  17.358597
0.17258987  17.766343
0.18514034  18.146418
0.19833659  18.501497
0.21221185  18.834099
0.22680106  19.146567
0.24214095  19.441015
0.25827016    19.7193
0.27522929  19.983082
0.29306105  20.233872
0.31181034  20.473066
0.33152437   20.70194
0.35225278  20.921642
0.37404776  21.133105
 0.3969642  21.337153
0.42105981  21.534707
0.44639524  21.726803
0.47303431  21.914037
0.50104409  22.096459
 0.5304951  22.273746
 0.5614615  22.445424
0.59402128  22.610749
0.62825641  22.768758
0.66425311   22.91858
0.70210201  23.059233
0.74189841  23.189129
0.78374253  23.306125
0.82773973   23.40775
 0.8740008  23.490733
0.92264222  23.550413
0.97378647  23.583087
