0.0018349471 -6.4321178e-06
0.005599258 -0.00023110629
0.0095572608 -0.0012685768
0.013718922 -0.0038850658
0.01809472 -0.0090644946
0.022695674 -0.017932417
0.027533369 -0.031693913
0.032619987 -0.051391661
0.037968336 -0.077801285
0.043591883 -0.11110199
0.049504788 -0.15091393
0.05572194 -0.19610672
0.062258995 -0.24512595
0.069132413 -0.29600459
 0.0763595 -0.34683574
0.083958457 -0.39579643
0.091948415 -0.44150379
 0.1003495 -0.48290417
0.10918285 -0.51943737
0.11847073 -0.55083273
0.12823651 -0.57715849
0.13850478 -0.5986181
0.14930141 -0.61556692
0.16065358 -0.62836189
0.17258987 -0.63739188
0.18514034 -0.6429938
0.19833659 -0.64549998
0.21221185 -0.64518206
0.22680106 -0.64231587
0.24214095 -0.63714709
0.25827016 -0.62990171
0.27522929 -0.62074078
0.29306105 -0.60980321
0.31181034 -0.59714933
0.33152437 -0.58283333
0.35225278 -0.56689817
0.37404776 -0.54937797
 0.3969642 -0.53023194
0.42105981 -0.5094261
0.44639524 -0.48698936
0.47303431 -0.4630929
0.50104409 -0.43785025
 0.5304951 -0.41133108
 0.5614615 -0.38358508
0.59402128 -0.35465262
0.62825641 -0.32443532
0.66425311 -0.29285376
0.70210201 -0.25977252
0.74189841 -0.22517918
0.78374253 -0.1888248
0.82773973 -0.15059677
 0.8740008 -0.11031876
0.92264222 -0.068083851
0.97378647 -0.023279787
