0.0018349471 0.00019828583
0.005599258 0.0017939886
0.0095572608 0.0053244002
0.013718922 0.010563712
0.01809472 0.017580748
0.022695674 0.026300481
0.027533369 0.036748053
0.032619987 0.048831435
0.037968336 0.06252544
0.043591883 0.077713253
0.049504788 0.094324355
0.05572194 0.11222265
0.062258995 0.13130821
0.069132413 0.15143501
 0.0763595 0.17248318
0.083958457 0.19429553
0.091948415  0.2167299
 0.1003495 0.23961217
0.10918285  0.2627774
0.11847073 0.28603603
0.12823651 0.30920635
0.13850478 0.33209071
0.14930141 0.35450285
0.16065358 0.37625228
0.17258987 0.39716257
0.18514034 0.41705515
0.19833659 0.43576584
0.21221185 0.45313922
0.22680106 0.46903923
0.24214095  0.4833342
0.25827016 0.49590678
0.27522929 0.50666474
0.29306105 0.51556407
0.31181034 0.52258575
0.33152437  0.5277378
0.35225278 0.53104065
0.37404776  0.5325488
 0.3969642 0.53232041
0.42105981 0.53044037
0.44639524 0.52694358
0.47303431 0.52187609
0.50104409 0.51528056
 0.5304951 0.50729085
 0.5614615 0.49805569
0.59402128 0.48786362
0.62825641 0.47693148
0.66425311 0.46556625
0.70210201 0.45396486
0.74189841 0.44244983
0.78374253 0.43132845
0.82773973 0.42123021
 0.8740008 0.41262984
0.92264222 0.40631068
0.97378647 0.40286236
