0.0018349471 0.038231896
0.005599258 0.10884078
0.0095572608 0.17559831
0.013718922  0.2384462
0.01809472  0.2972901
0.022695674 0.35200808
0.027533369 0.40253806
0.032619987 0.44888503
0.037968336 0.49116157
0.043591883 0.52954762
0.049504788 0.56427409
0.05572194  0.5955637
0.062258995 0.62361588
0.069132413 0.64860271
 0.0763595 0.67068562
0.083958457 0.69001754
0.091948415 0.70675151
 0.1003495 0.72104941
0.10918285 0.73308751
0.11847073 0.74306039
0.12823651  0.7511669
0.13850478 0.75759088
0.14930141 0.76247376
0.16065358  0.7659121
0.17258987 0.76797172
0.18514034 0.76874417
0.19833659 0.76836402
0.21221185 0.76694217
0.22680106 0.76449403
0.24214095 0.76101373
0.25827016  0.7565232
0.27522929 0.75101242
0.29306105 0.74443599
0.31181034 0.73678734
0.33152437 0.72808456
0.35225278 0.71831404
0.37404776  0.7075026
 0.3969642 0.69560554
0.42105981 0.68250604
0.44639524 0.66821263
0.47303431 0.65269657
0.50104409 0.63573915
 0.5304951 0.61731786
 0.5614615 0.59775354
0.59402128 0.57745417
0.62825641 0.55699682
0.66425311 0.53676025
0.70210201 0.51673721
0.74189841 0.49703686
0.78374253 0.47765246
0.82773973 0.45940972
 0.8740008 0.44313824
0.92264222 0.43058279
0.97378647  0.4230877
