0.0018349471 0.010304876
0.005599258 0.093929514
0.0095572608 0.26901993
0.013718922  0.5436588
0.01809472 0.92249196
0.022695674  1.4032938
0.027533369  1.9738953
0.032619987  2.6105052
0.037968336  3.2789639
0.043591883  3.9389005
0.049504788  4.5501024
0.05572194   5.078786
0.062258995  5.5021928
0.069132413  5.8100864
 0.0763595  6.0036246
0.083958457  6.0924454
0.091948415  6.0913338
 0.1003495  6.0171597
0.10918285  5.8866744
0.11847073  5.7151178
0.12823651  5.5154662
0.13850478  5.2980244
0.14930141  5.0705566
0.16065358  4.8387844
0.17258987  4.6069075
0.18514034  4.3781991
0.19833659  4.1551651
0.21221185  3.9393977
0.22680106  3.7315234
0.24214095  3.5316183
0.25827016  3.3399364
0.27522929  3.1570109
0.29306105  2.9827241
0.31181034  2.8163219
0.33152437  2.6572633
0.35225278  2.5053066
0.37404776  2.3605792
 0.3969642  2.2224908
0.42105981  2.0897232
0.44639524  1.9616415
0.47303431  1.8381406
0.50104409  1.7186823
 0.5304951  1.6028146
 0.5614615  1.4894984
0.59402128  1.3786569
0.62825641  1.2710074
0.66425311   1.167184
0.70210201  1.0682874
0.74189841 0.97580936
0.78374253 0.89111496
0.82773973 0.81699216
 0.8740008  0.7563908
0.92264222   0.713188
0.97378647 0.68884326
