0.0018349471   6.380522
0.005599258  6.3718495
0.0095572608  6.3711824
0.013718922  6.3696275
0.01809472  6.3717331
0.022695674  6.3763159
0.027533369  6.3833563
0.032619987  6.3939196
0.037968336  6.4066641
0.043591883  6.4227871
0.049504788  6.4406442
0.05572194  6.4609415
0.062258995  6.4820561
0.069132413  6.5041638
 0.0763595  6.5257603
0.083958457  6.5466181
0.091948415  6.5653734
 0.1003495  6.5814944
0.10918285  6.5937487
0.11847073   6.601411
0.12823651  6.6033923
0.13850478  6.5989381
0.14930141  6.5872663
0.16065358  6.5677301
0.17258987  6.5398362
0.18514034  6.5030709
0.19833659  6.4572456
0.21221185  6.4020656
0.22680106  6.3377695
0.24214095   6.264292
0.25827016  6.1822703
0.27522929  6.0919503
0.29306105  5.9944928
0.31181034  5.8905013
0.33152437  5.7813917
0.35225278  5.6677653
0.37404776  5.5511498
 0.3969642   5.431943
0.42105981  5.3118409
0.44639524  5.1910396
0.47303431  5.0711221
0.50104409  4.9521852
 0.5304951   4.836461
 0.5614615   4.724369
0.59402128   4.617673
0.62825641  4.5158928
0.66425311  4.4210643
0.70210201  4.3331867
0.74189841  4.2544372
0.78374253  4.1843419
0.82773973  4.1253467
 0.8740008  4.0776246
0.92264222  4.0441033
0.97378647  4.0257276
