0.0018349471 0.13103558
0.005599258 0.40008485
0.0095572608 0.68267744
0.013718922 0.97749832
0.01809472  1.2813772
0.022695674  1.5890425
0.027533369  1.8932356
0.032619987  2.1852869
0.037968336  2.4561282
0.043591883  2.6974983
0.049504788  2.9030493
0.05572194   3.069032
0.062258995  3.1944894
0.069132413   3.280931
 0.0763595   3.331704
0.083958457   3.351261
0.091948415  3.3445145
 0.1003495  3.3163305
0.10918285  3.2712081
0.11847073  3.2131105
0.12823651  3.1453902
0.13850478  3.0707446
0.14930141  2.9912602
0.16065358  2.9085289
0.17258987   2.823774
0.18514034  2.7380308
0.19833659  2.6521877
0.21221185   2.566918
0.22680106  2.4826316
0.24214095  2.3995822
0.25827016  2.3181201
0.27522929  2.2387184
0.29306105  2.1615827
0.31181034  2.0866156
0.33152437  2.0137202
0.35225278  1.9428936
0.37404776     1.8743
 0.3969642  1.8078119
0.42105981  1.7429558
0.44639524  1.6795338
0.47303431  1.6175827
0.50104409  1.5568635
 0.5304951   1.497099
 0.5614615  1.4374618
0.59402128  1.3774964
0.62825641  1.3173612
0.66425311  1.2570927
0.70210201  1.1972622
0.74189841  1.1386967
0.78374253  1.0822534
0.82773973  1.0299438
 0.8740008 0.98486242
0.92264222 0.95106372
0.97378647 0.93115536
