0.0018349471 0.34418407
0.005599258  1.0475834
0.0095572608  1.7834621
0.013718922  2.5513385
0.01809472  3.3491919
0.022695674  4.1730304
0.027533369  5.0166063
0.032619987  5.8714204
0.037968336  6.7271219
0.043591883  7.5723049
0.049504788  8.3955815
0.05572194  9.1866874
0.062258995  9.9374062
0.069132413  10.642094
 0.0763595  11.297769
0.083958457  11.903839
0.091948415  12.461617
 0.1003495  12.973747
0.10918285  13.443673
0.11847073  13.875208
0.12823651  14.272216
0.13850478  14.638379
0.14930141  14.977061
0.16065358  15.291277
0.17258987  15.583716
0.18514034  15.856759
0.19833659  16.112479
0.21221185  16.352638
0.22680106  16.578743
0.24214095  16.792178
0.25827016   16.99426
0.27522929  17.186176
0.29306105  17.368942
0.31181034  17.543442
0.33152437   17.71046
0.35225278  17.870731
0.37404776  18.025076
 0.3969642  18.174359
0.42105981   18.31935
0.44639524  18.460634
0.47303431  18.598439
0.50104409  18.732639
 0.5304951  18.862917
 0.5614615  18.989025
0.59402128  19.110765
0.62825641   19.22757
0.66425311  19.338515
0.70210201    19.4424
0.74189841  19.537828
0.78374253  19.623247
0.82773973  19.696864
 0.8740008  19.756737
0.92264222  19.799831
0.97378647  19.823799
