0.0018349471 -7.5079305e-07
0.005599258 -0.00047177377
0.0095572608 -0.0026065046
0.013718922 -0.00783431
0.01809472 -0.018007834
0.022695674 -0.034789148
0.027533369 -0.059915699
0.032619987 -0.094099191
0.037968336 -0.13754734
0.043591883 -0.18891916
0.049504788 -0.24637586
0.05572194 -0.30701693
0.062258995 -0.36819259
0.069132413 -0.42716406
 0.0763595 -0.4820587
0.083958457 -0.53141173
0.091948415 -0.57460939
 0.1003495 -0.61138577
0.10918285 -0.64198495
0.11847073 -0.66677385
0.12823651 -0.68632998
0.13850478 -0.70120181
0.14930141 -0.71197458
0.16065358 -0.71913154
0.17258987 -0.72311453
0.18514034 -0.72427026
0.19833659 -0.72291936
0.21221185 -0.71931712
0.22680106 -0.71366931
0.24214095 -0.70609081
0.25827016 -0.69668971
0.27522929 -0.68556867
0.29306105 -0.67281872
0.31181034 -0.65849932
0.33152437 -0.64265616
0.35225278 -0.6252647
0.37404776 -0.60626543
 0.3969642 -0.58564516
0.42105981 -0.56342281
0.44639524 -0.53961436
0.47303431 -0.51427975
0.50104409 -0.48741271
 0.5304951 -0.45900904
 0.5614615 -0.42897444
0.59402128 -0.39732781
0.62825641 -0.36399565
0.66425311 -0.32892514
0.70210201 -0.29200869
0.74189841 -0.2532066
0.78374253 -0.21229301
0.82773973 -0.16926732
 0.8740008 -0.12390265
0.92264222 -0.07641929
0.97378647 -0.026117647
