0.0018349471 0.00015686719
0.005599258 0.0027112906
0.0095572608 0.0083279758
0.013718922 0.016466553
0.01809472 0.027537249
0.022695674 0.041164907
0.027533369 0.057538312
0.032619987 0.076330238
0.037968336 0.09753563
0.043591883 0.12082253
0.049504788 0.14605086
0.05572194 0.17288906
0.062258995 0.20113591
0.069132413 0.23048219
 0.0763595 0.26070586
0.083958457 0.29151626
0.091948415 0.32267731
 0.1003495 0.35390587
0.10918285 0.38495346
0.11847073 0.41554497
0.12823651 0.44543719
0.13850478 0.47438109
0.14930141 0.50215936
0.16065358 0.52855769
0.17258987 0.55338686
0.18514034  0.5764664
0.19833659  0.5976388
0.21221185  0.6167619
0.22680106 0.63372939
0.24214095 0.64845986
0.25827016  0.6609067
0.27522929  0.6710389
0.29306105 0.67885505
0.31181034 0.68437424
0.33152437 0.68764007
0.35225278   0.688693
0.37404776 0.68758582
 0.3969642 0.68437569
0.42105981 0.67916752
0.44639524 0.67205037
0.47303431 0.66312071
0.50104409 0.65246881
 0.5304951 0.64031868
 0.5614615  0.6269288
0.59402128 0.61258287
0.62825641 0.59747375
0.66425311 0.58196581
0.70210201  0.5662904
0.74189841 0.55081742
0.78374253 0.53580663
0.82773973 0.52195116
 0.8740008 0.50984833
0.92264222 0.50069152
0.97378647 0.49564199
