0.0018349471 0.058646428
0.005599258 0.16668471
0.0095572608  0.2681828
0.013718922 0.36268924
0.01809472 0.44977556
0.022695674 0.52899626
0.027533369 0.60011586
0.032619987 0.66310276
0.037968336  0.7182263
0.043591883 0.76596716
0.049504788 0.80695643
0.05572194 0.84185757
0.062258995 0.87130214
0.069132413 0.89584732
 0.0763595  0.9159859
0.083958457 0.93217965
0.091948415 0.94486506
 0.1003495  0.9544746
0.10918285 0.96143487
0.11847073 0.96616704
0.12823651 0.96904008
0.13850478 0.97032945
0.14930141 0.97021221
0.16065358 0.96884218
0.17258987 0.96637369
0.18514034 0.96294964
0.19833659 0.95867544
0.21221185  0.9535891
0.22680106 0.94761509
0.24214095 0.94060713
0.25827016 0.93241329
0.27522929 0.92296725
0.29306105 0.91223026
0.31181034 0.90017279
0.33152437 0.88690969
0.35225278 0.87262806
0.37404776 0.85754519
 0.3969642 0.84168141
0.42105981 0.82479255
0.44639524 0.80672024
0.47303431 0.78738696
0.50104409  0.7666975
 0.5304951 0.74452387
 0.5614615 0.72087499
0.59402128 0.69610307
0.62825641 0.67052175
0.66425311 0.64451665
0.70210201 0.61842807
0.74189841 0.59294909
0.78374253 0.56909462
0.82773973 0.54842231
 0.8740008  0.5318668
0.92264222 0.52073199
0.97378647 0.51475746
