/*--------------------------------*- C++ -*----------------------------------*\
| =========                 |                                                 |
| \\      /  F ield         | OpenFOAM: The Open Source CFD Toolbox           |
|  \\    /   O peration     | Version:  2012                                  |
|   \\  /    A nd           | Website:  www.openfoam.com                      |
|    \\/     M anipulation  |                                                 |
\*---------------------------------------------------------------------------*/
FoamFile
{
    version     2.0;
    format      ascii;
    class       surfaceScalarField;
    location    "constant";
    object      OmegaS;
}
// * * * * * * * * * * * * * * * * * * * * * * * * * * * * * * * * * * * * * //

dimensions      [0 3 0 0 0 0 0];


internalField   nonuniform List<scalar> 
3120
(
0.000413539146
0.000413539146
0.000450095346
0.000450095346
0.000489883055
0.000489883055
0.000533187933
0.000533187934
0.000580320893
0.000580320894
0.000631620332
0.000631620332
0.00068745456
0.000687454559
0.000748224444
0.000748224444
0.000814366288
0.000814366289
0.000886354965
0.000886354966
0.000964707326
0.000964707326
0.00104998591
0.00104998591
0.00114280299
0.00114280299
0.00124382494
0.00124382494
0.00135377708
0.00135377708
0.00147344881
0.00147344881
0.00160369933
0.00160369933
0.00174546378
0.00174546378
0.00189975999
0.00189975999
0.00206769573
0.00198017364
0.000450095346
0.000450095346
0.000489883055
0.000489883055
0.000533187934
0.000533187934
0.000580320894
0.000580320895
0.000631620332
0.000631620333
0.000687454559
0.00068745456
0.000748224444
0.000748224443
0.000814366289
0.000814366289
0.000886354966
0.000886354967
0.000964707327
0.000964707328
0.00104998591
0.00104998591
0.00114280299
0.00114280299
0.00124382494
0.00124382494
0.00135377708
0.00135377708
0.00147344881
0.00147344881
0.00160369933
0.00160369933
0.00174546378
0.00174546378
0.00189975999
0.00189975999
0.00206769573
0.00206769573
0.00225047673
0.00215521783
0.000489883055
0.000489883055
0.000533187934
0.000533187934
0.000580320895
0.000580320895
0.000631620334
0.000631620335
0.00068745456
0.000687454561
0.000748224444
0.000748224444
0.000814366289
0.000814366288
0.000886354967
0.000886354967
0.000964707329
0.000964707329
0.00104998591
0.00104998591
0.00114280299
0.00114280299
0.00124382494
0.00124382495
0.00135377708
0.00135377708
0.00147344881
0.00147344881
0.00160369933
0.00160369933
0.00174546378
0.00174546378
0.00189975999
0.00189975999
0.00206769574
0.00206769574
0.00225047673
0.00225047673
0.00244941528
0.00234573564
0.000533187934
0.000533187933
0.000580320895
0.000580320894
0.000631620335
0.000631620334
0.000687454562
0.000687454562
0.000748224445
0.000748224444
0.000814366288
0.000814366288
0.000886354967
0.000886354965
0.000964707329
0.000964707328
0.00104998591
0.00104998591
0.00114280299
0.00114280299
0.00124382494
0.00124382494
0.00135377708
0.00135377708
0.00147344881
0.00147344881
0.00160369933
0.00160369933
0.00174546378
0.00174546378
0.00189975999
0.00189975999
0.00206769574
0.00206769574
0.00225047673
0.00225047673
0.00244941528
0.00244941528
0.00266593967
0.00255309492
0.000580320894
0.000580320893
0.000631620333
0.000631620332
0.000687454561
0.00068745456
0.000748224444
0.000748224445
0.000814366288
0.000814366288
0.000886354965
0.000886354964
0.000964707327
0.000964707325
0.00104998591
0.00104998591
0.00114280299
0.00114280299
0.00124382494
0.00124382494
0.00135377708
0.00135377708
0.00147344881
0.00147344881
0.00160369933
0.00160369933
0.00174546378
0.00174546378
0.00189975999
0.00189975999
0.00206769573
0.00206769573
0.00225047673
0.00225047673
0.00244941527
0.00244941527
0.00266593967
0.00266593966
0.00290160447
0.00277878442
0.000631620332
0.000631620332
0.00068745456
0.000687454559
0.000748224444
0.000748224444
0.000814366288
0.000814366288
0.000886354964
0.000886354965
0.000964707325
0.000964707325
0.00104998591
0.00104998591
0.00114280299
0.00114280299
0.00124382494
0.00124382494
0.00135377708
0.00135377708
0.00147344881
0.00147344881
0.00160369932
0.00160369932
0.00174546378
0.00174546378
0.00189975999
0.00189975999
0.00206769573
0.00206769573
0.00225047673
0.00225047673
0.00244941527
0.00244941527
0.00266593966
0.00266593967
0.00290160447
0.00290160447
0.00315810166
0.00302442452
0.000687454559
0.00068745456
0.000748224443
0.000748224444
0.000814366288
0.000814366289
0.000886354965
0.000886354967
0.000964707325
0.000964707327
0.00104998591
0.00104998591
0.00114280299
0.00114280299
0.00124382494
0.00124382494
0.00135377708
0.00135377708
0.00147344881
0.00147344881
0.00160369932
0.00160369932
0.00174546378
0.00174546378
0.00189975999
0.00189975999
0.00206769573
0.00206769574
0.00225047673
0.00225047673
0.00244941527
0.00244941527
0.00266593966
0.00266593967
0.00290160447
0.00290160447
0.00315810166
0.00315810166
0.0034372728
0.00329177881
0.000748224444
0.000748224444
0.000814366289
0.000814366289
0.000886354967
0.000886354967
0.000964707328
0.000964707329
0.00104998591
0.00104998591
0.00114280299
0.00114280299
0.00124382494
0.00124382494
0.00135377708
0.00135377708
0.00147344881
0.00147344881
0.00160369933
0.00160369933
0.00174546378
0.00174546378
0.00189975999
0.00189975999
0.00206769574
0.00206769574
0.00225047673
0.00225047673
0.00244941528
0.00244941528
0.00266593967
0.00266593967
0.00290160447
0.00290160447
0.00315810167
0.00315810167
0.0034372728
0.0034372728
0.00374112222
0.0035827668
0.000814366289
0.000814366288
0.000886354967
0.000886354966
0.000964707329
0.000964707329
0.00104998591
0.00104998591
0.00114280299
0.00114280299
0.00124382494
0.00124382494
0.00135377708
0.00135377708
0.00147344881
0.00147344881
0.00160369933
0.00160369933
0.00174546378
0.00174546379
0.00189975999
0.00189975999
0.00206769574
0.00206769574
0.00225047673
0.00225047673
0.00244941528
0.00244941528
0.00266593967
0.00266593967
0.00290160447
0.00290160447
0.00315810167
0.00315810167
0.00343727281
0.00343727281
0.00374112222
0.00374112222
0.00407183144
0.00389947765
0.000886354966
0.000886354965
0.000964707328
0.000964707327
0.00104998591
0.00104998591
0.00114280299
0.00114280299
0.00124382494
0.00124382494
0.00135377708
0.00135377708
0.00147344881
0.00147344881
0.00160369933
0.00160369933
0.00174546379
0.00174546378
0.00189975999
0.00189975999
0.00206769573
0.00206769573
0.00225047673
0.00225047673
0.00244941528
0.00244941527
0.00266593967
0.00266593967
0.00290160447
0.00290160447
0.00315810167
0.00315810166
0.00343727281
0.0034372728
0.00374112222
0.00374112222
0.00407183144
0.00407183144
0.00443177483
0.00424418524
0.000964707326
0.000964707326
0.00104998591
0.00104998591
0.00114280299
0.00114280299
0.00124382494
0.00124382494
0.00135377708
0.00135377708
0.00147344881
0.00147344881
0.00160369932
0.00160369932
0.00174546378
0.00174546378
0.00189975999
0.00189975999
0.00206769573
0.00206769573
0.00225047673
0.00225047673
0.00244941527
0.00244941527
0.00266593967
0.00266593967
0.00290160447
0.00290160447
0.00315810166
0.00315810166
0.0034372728
0.0034372728
0.00374112222
0.00374112222
0.00407183144
0.00407183144
0.00443177482
0.00443177482
0.00482353663
0.00461936442
0.00104998591
0.00104998591
0.00114280299
0.00114280299
0.00124382495
0.00124382494
0.00135377708
0.00135377708
0.00147344881
0.00147344881
0.00160369932
0.00160369932
0.00174546378
0.00174546378
0.00189975999
0.00189975999
0.00206769574
0.00206769574
0.00225047673
0.00225047673
0.00244941527
0.00244941527
0.00266593967
0.00266593967
0.00290160447
0.00290160447
0.00315810167
0.00315810167
0.0034372728
0.0034372728
0.00374112222
0.00374112222
0.00407183144
0.00407183144
0.00443177483
0.00443177483
0.00482353663
0.00482353663
0.00524992956
0.00502770885
0.00114280299
0.00114280299
0.00124382494
0.00124382494
0.00135377708
0.00135377708
0.00147344881
0.00147344881
0.00160369933
0.00160369933
0.00174546378
0.00174546378
0.00189975999
0.00189975999
0.00206769574
0.00206769574
0.00225047673
0.00225047673
0.00244941527
0.00244941528
0.00266593967
0.00266593967
0.00290160447
0.00290160447
0.00315810167
0.00315810167
0.0034372728
0.0034372728
0.00374112222
0.00374112222
0.00407183144
0.00407183144
0.00443177483
0.00443177483
0.00482353664
0.00482353664
0.00524992956
0.00524992956
0.00571401494
0.00547215027
0.00124382494
0.00124382494
0.00135377708
0.00135377708
0.00147344881
0.00147344881
0.00160369933
0.00160369933
0.00174546378
0.00174546378
0.00189975999
0.00189975999
0.00206769574
0.00206769573
0.00225047673
0.00225047673
0.00244941528
0.00244941528
0.00266593967
0.00266593967
0.00290160447
0.00290160447
0.00315810167
0.00315810167
0.0034372728
0.0034372728
0.00374112222
0.00374112222
0.00407183144
0.00407183144
0.00443177483
0.00443177483
0.00482353664
0.00482353664
0.00524992957
0.00524992957
0.00571401494
0.00571401494
0.00621912472
0.00595587961
0.00135377708
0.00135377708
0.00147344881
0.00147344881
0.00160369933
0.00160369933
0.00174546378
0.00174546378
0.00189975999
0.00189975999
0.00206769573
0.00206769573
0.00225047673
0.00225047673
0.00244941528
0.00244941528
0.00266593967
0.00266593967
0.00290160447
0.00290160447
0.00315810166
0.00315810166
0.0034372728
0.0034372728
0.00374112222
0.00374112222
0.00407183144
0.00407183144
0.00443177483
0.00443177483
0.00482353664
0.00482353663
0.00524992956
0.00524992956
0.00571401494
0.00571401494
0.00621912472
0.00621912472
0.0067688854
0.00648236984
0.00147344881
0.00147344881
0.00160369933
0.00160369933
0.00174546378
0.00174546378
0.00189975999
0.00189975999
0.00206769573
0.00206769573
0.00225047673
0.00225047673
0.00244941527
0.00244941527
0.00266593967
0.00266593967
0.00290160447
0.00290160447
0.00315810166
0.00315810167
0.0034372728
0.0034372728
0.00374112222
0.00374112222
0.00407183144
0.00407183144
0.00443177483
0.00443177483
0.00482353663
0.00482353664
0.00524992955
0.00524992955
0.00571401493
0.00571401493
0.00621912472
0.00621912472
0.00676888539
0.00676888539
0.00736724404
0.00705540095
0.00160369933
0.00160369933
0.00174546378
0.00174546378
0.00189975999
0.00189975999
0.00206769574
0.00206769574
0.00225047673
0.00225047673
0.00244941527
0.00244941527
0.00266593967
0.00266593966
0.00290160447
0.00290160447
0.00315810167
0.00315810167
0.0034372728
0.00343727281
0.00374112222
0.00374112222
0.00407183144
0.00407183144
0.00443177483
0.00443177483
0.00482353664
0.00482353664
0.00524992956
0.00524992956
0.00571401493
0.00571401493
0.00621912472
0.00621912472
0.0067688854
0.00676888541
0.00736724404
0.00736724404
0.00801849664
0.00767908712
0.00174546378
0.00174546378
0.00189975999
0.00189975999
0.00206769574
0.00206769574
0.00225047673
0.00225047673
0.00244941527
0.00244941527
0.00266593967
0.00266593966
0.00290160447
0.00290160447
0.00315810167
0.00315810167
0.00343727281
0.00343727281
0.00374112222
0.00374112222
0.00407183144
0.00407183144
0.00443177483
0.00443177483
0.00482353664
0.00482353664
0.00524992957
0.00524992957
0.00571401494
0.00571401494
0.00621912472
0.00621912472
0.00676888541
0.0067688854
0.00736724405
0.00736724405
0.00801849664
0.00801849663
0.00872731892
0.00835790615
0.00189975999
0.00189975999
0.00206769573
0.00206769573
0.00225047673
0.00225047673
0.00244941528
0.00244941528
0.00266593966
0.00266593967
0.00290160447
0.00290160447
0.00315810166
0.00315810166
0.0034372728
0.0034372728
0.00374112222
0.00374112222
0.00407183144
0.00407183144
0.00443177482
0.00443177482
0.00482353663
0.00482353663
0.00524992956
0.00524992956
0.00571401494
0.00571401494
0.00621912472
0.00621912472
0.00676888539
0.00676888539
0.00736724404
0.00736724404
0.00801849663
0.00801849664
0.00872731891
0.00872731891
0.00949879995
0.00909673168
0.00206769573
0.00198017364
0.00225047673
0.00215521783
0.00244941528
0.00234573564
0.00266593967
0.00255309492
0.00290160447
0.00277878442
0.00315810166
0.00302442452
0.0034372728
0.00329177881
0.00374112222
0.0035827668
0.00407183144
0.00389947765
0.00443177483
0.00424418524
0.00482353663
0.00461936442
0.00524992956
0.00502770885
0.00571401494
0.00547215027
0.00621912472
0.00595587961
0.0067688854
0.00648236984
0.00736724404
0.00705540095
0.00801849664
0.00767908712
0.00872731892
0.00835790615
0.00949879995
0.00909673168
0.00990086821
0.00990086821
0.00189975999
0.00206769573
0.00174546378
0.00189975999
0.00160369933
0.00174546378
0.00147344881
0.00160369933
0.00135377708
0.00147344881
0.00124382494
0.00135377708
0.00114280299
0.00124382494
0.00104998591
0.00114280299
0.000964707326
0.00104998591
0.000886354965
0.000964707326
0.000814366288
0.000886354966
0.000748224444
0.000814366289
0.00068745456
0.000748224444
0.000631620332
0.000687454559
0.000580320893
0.000631620332
0.000533187933
0.000580320894
0.000489883055
0.000533187934
0.000450095346
0.000489883055
0.000413539146
0.000450095346
0.000413539146
0.00206769573
0.00225047673
0.00189975999
0.00206769573
0.00174546378
0.00189975999
0.00160369933
0.00174546378
0.00147344881
0.00160369933
0.00135377708
0.00147344881
0.00124382494
0.00135377708
0.00114280299
0.00124382494
0.00104998591
0.00114280299
0.000964707327
0.00104998591
0.000886354966
0.000964707328
0.000814366289
0.000886354967
0.000748224444
0.000814366289
0.000687454559
0.000748224443
0.000631620332
0.00068745456
0.000580320894
0.000631620333
0.000533187934
0.000580320895
0.000489883055
0.000533187934
0.000450095346
0.000489883055
0.000450095346
0.00225047673
0.00244941528
0.00206769574
0.00225047673
0.00189975999
0.00206769574
0.00174546378
0.00189975999
0.00160369933
0.00174546378
0.00147344881
0.00160369933
0.00135377708
0.00147344881
0.00124382494
0.00135377708
0.00114280299
0.00124382495
0.00104998591
0.00114280299
0.000964707329
0.00104998591
0.000886354967
0.000964707329
0.000814366289
0.000886354967
0.000748224444
0.000814366288
0.00068745456
0.000748224444
0.000631620334
0.000687454561
0.000580320895
0.000631620335
0.000533187934
0.000580320895
0.000489883055
0.000533187934
0.000489883055
0.00244941528
0.00266593967
0.00225047673
0.00244941528
0.00206769574
0.00225047673
0.00189975999
0.00206769574
0.00174546378
0.00189975999
0.00160369933
0.00174546378
0.00147344881
0.00160369933
0.00135377708
0.00147344881
0.00124382494
0.00135377708
0.00114280299
0.00124382494
0.00104998591
0.00114280299
0.000964707329
0.00104998591
0.000886354967
0.000964707328
0.000814366288
0.000886354965
0.000748224445
0.000814366288
0.000687454562
0.000748224444
0.000631620335
0.000687454562
0.000580320895
0.000631620334
0.000533187934
0.000580320894
0.000533187933
0.00266593967
0.00290160447
0.00244941527
0.00266593966
0.00225047673
0.00244941527
0.00206769573
0.00225047673
0.00189975999
0.00206769573
0.00174546378
0.00189975999
0.00160369933
0.00174546378
0.00147344881
0.00160369933
0.00135377708
0.00147344881
0.00124382494
0.00135377708
0.00114280299
0.00124382494
0.00104998591
0.00114280299
0.000964707327
0.00104998591
0.000886354965
0.000964707325
0.000814366288
0.000886354964
0.000748224444
0.000814366288
0.000687454561
0.000748224445
0.000631620333
0.00068745456
0.000580320894
0.000631620332
0.000580320893
0.00290160447
0.00315810166
0.00266593966
0.00290160447
0.00244941527
0.00266593967
0.00225047673
0.00244941527
0.00206769573
0.00225047673
0.00189975999
0.00206769573
0.00174546378
0.00189975999
0.00160369932
0.00174546378
0.00147344881
0.00160369932
0.00135377708
0.00147344881
0.00124382494
0.00135377708
0.00114280299
0.00124382494
0.00104998591
0.00114280299
0.000964707325
0.00104998591
0.000886354964
0.000964707325
0.000814366288
0.000886354965
0.000748224444
0.000814366288
0.00068745456
0.000748224444
0.000631620332
0.000687454559
0.000631620332
0.00315810166
0.0034372728
0.00290160447
0.00315810166
0.00266593966
0.00290160447
0.00244941527
0.00266593967
0.00225047673
0.00244941527
0.00206769573
0.00225047673
0.00189975999
0.00206769574
0.00174546378
0.00189975999
0.00160369932
0.00174546378
0.00147344881
0.00160369932
0.00135377708
0.00147344881
0.00124382494
0.00135377708
0.00114280299
0.00124382494
0.00104998591
0.00114280299
0.000964707325
0.00104998591
0.000886354965
0.000964707327
0.000814366288
0.000886354967
0.000748224443
0.000814366289
0.000687454559
0.000748224444
0.00068745456
0.0034372728
0.00374112222
0.00315810167
0.0034372728
0.00290160447
0.00315810167
0.00266593967
0.00290160447
0.00244941528
0.00266593967
0.00225047673
0.00244941528
0.00206769574
0.00225047673
0.00189975999
0.00206769574
0.00174546378
0.00189975999
0.00160369933
0.00174546378
0.00147344881
0.00160369933
0.00135377708
0.00147344881
0.00124382494
0.00135377708
0.00114280299
0.00124382494
0.00104998591
0.00114280299
0.000964707328
0.00104998591
0.000886354967
0.000964707329
0.000814366289
0.000886354967
0.000748224444
0.000814366289
0.000748224444
0.00374112222
0.00407183144
0.00343727281
0.00374112222
0.00315810167
0.00343727281
0.00290160447
0.00315810167
0.00266593967
0.00290160447
0.00244941528
0.00266593967
0.00225047673
0.00244941528
0.00206769574
0.00225047673
0.00189975999
0.00206769574
0.00174546378
0.00189975999
0.00160369933
0.00174546379
0.00147344881
0.00160369933
0.00135377708
0.00147344881
0.00124382494
0.00135377708
0.00114280299
0.00124382494
0.00104998591
0.00114280299
0.000964707329
0.00104998591
0.000886354967
0.000964707329
0.000814366289
0.000886354966
0.000814366288
0.00407183144
0.00443177483
0.00374112222
0.00407183144
0.00343727281
0.00374112222
0.00315810167
0.0034372728
0.00290160447
0.00315810166
0.00266593967
0.00290160447
0.00244941528
0.00266593967
0.00225047673
0.00244941527
0.00206769573
0.00225047673
0.00189975999
0.00206769573
0.00174546379
0.00189975999
0.00160369933
0.00174546378
0.00147344881
0.00160369933
0.00135377708
0.00147344881
0.00124382494
0.00135377708
0.00114280299
0.00124382494
0.00104998591
0.00114280299
0.000964707328
0.00104998591
0.000886354966
0.000964707327
0.000886354965
0.00443177482
0.00482353663
0.00407183144
0.00443177482
0.00374112222
0.00407183144
0.0034372728
0.00374112222
0.00315810166
0.0034372728
0.00290160447
0.00315810166
0.00266593967
0.00290160447
0.00244941527
0.00266593967
0.00225047673
0.00244941527
0.00206769573
0.00225047673
0.00189975999
0.00206769573
0.00174546378
0.00189975999
0.00160369932
0.00174546378
0.00147344881
0.00160369932
0.00135377708
0.00147344881
0.00124382494
0.00135377708
0.00114280299
0.00124382494
0.00104998591
0.00114280299
0.000964707326
0.00104998591
0.000964707326
0.00482353663
0.00524992956
0.00443177483
0.00482353663
0.00407183144
0.00443177483
0.00374112222
0.00407183144
0.0034372728
0.00374112222
0.00315810167
0.0034372728
0.00290160447
0.00315810167
0.00266593967
0.00290160447
0.00244941527
0.00266593967
0.00225047673
0.00244941527
0.00206769574
0.00225047673
0.00189975999
0.00206769574
0.00174546378
0.00189975999
0.00160369932
0.00174546378
0.00147344881
0.00160369932
0.00135377708
0.00147344881
0.00124382495
0.00135377708
0.00114280299
0.00124382494
0.00104998591
0.00114280299
0.00104998591
0.00524992956
0.00571401494
0.00482353664
0.00524992956
0.00443177483
0.00482353664
0.00407183144
0.00443177483
0.00374112222
0.00407183144
0.0034372728
0.00374112222
0.00315810167
0.0034372728
0.00290160447
0.00315810167
0.00266593967
0.00290160447
0.00244941527
0.00266593967
0.00225047673
0.00244941528
0.00206769574
0.00225047673
0.00189975999
0.00206769574
0.00174546378
0.00189975999
0.00160369933
0.00174546378
0.00147344881
0.00160369933
0.00135377708
0.00147344881
0.00124382494
0.00135377708
0.00114280299
0.00124382494
0.00114280299
0.00571401494
0.00621912472
0.00524992957
0.00571401494
0.00482353664
0.00524992957
0.00443177483
0.00482353664
0.00407183144
0.00443177483
0.00374112222
0.00407183144
0.0034372728
0.00374112222
0.00315810167
0.0034372728
0.00290160447
0.00315810167
0.00266593967
0.00290160447
0.00244941528
0.00266593967
0.00225047673
0.00244941528
0.00206769574
0.00225047673
0.00189975999
0.00206769573
0.00174546378
0.00189975999
0.00160369933
0.00174546378
0.00147344881
0.00160369933
0.00135377708
0.00147344881
0.00124382494
0.00135377708
0.00124382494
0.00621912472
0.0067688854
0.00571401494
0.00621912472
0.00524992956
0.00571401494
0.00482353664
0.00524992956
0.00443177483
0.00482353663
0.00407183144
0.00443177483
0.00374112222
0.00407183144
0.0034372728
0.00374112222
0.00315810166
0.0034372728
0.00290160447
0.00315810166
0.00266593967
0.00290160447
0.00244941528
0.00266593967
0.00225047673
0.00244941528
0.00206769573
0.00225047673
0.00189975999
0.00206769573
0.00174546378
0.00189975999
0.00160369933
0.00174546378
0.00147344881
0.00160369933
0.00135377708
0.00147344881
0.00135377708
0.00676888539
0.00736724404
0.00621912472
0.00676888539
0.00571401493
0.00621912472
0.00524992955
0.00571401493
0.00482353663
0.00524992955
0.00443177483
0.00482353664
0.00407183144
0.00443177483
0.00374112222
0.00407183144
0.0034372728
0.00374112222
0.00315810166
0.0034372728
0.00290160447
0.00315810167
0.00266593967
0.00290160447
0.00244941527
0.00266593967
0.00225047673
0.00244941527
0.00206769573
0.00225047673
0.00189975999
0.00206769573
0.00174546378
0.00189975999
0.00160369933
0.00174546378
0.00147344881
0.00160369933
0.00147344881
0.00736724404
0.00801849664
0.0067688854
0.00736724404
0.00621912472
0.00676888541
0.00571401493
0.00621912472
0.00524992956
0.00571401493
0.00482353664
0.00524992956
0.00443177483
0.00482353664
0.00407183144
0.00443177483
0.00374112222
0.00407183144
0.0034372728
0.00374112222
0.00315810167
0.00343727281
0.00290160447
0.00315810167
0.00266593967
0.00290160447
0.00244941527
0.00266593966
0.00225047673
0.00244941527
0.00206769574
0.00225047673
0.00189975999
0.00206769574
0.00174546378
0.00189975999
0.00160369933
0.00174546378
0.00160369933
0.00801849664
0.00872731892
0.00736724405
0.00801849663
0.00676888541
0.00736724405
0.00621912472
0.0067688854
0.00571401494
0.00621912472
0.00524992957
0.00571401494
0.00482353664
0.00524992957
0.00443177483
0.00482353664
0.00407183144
0.00443177483
0.00374112222
0.00407183144
0.00343727281
0.00374112222
0.00315810167
0.00343727281
0.00290160447
0.00315810167
0.00266593967
0.00290160447
0.00244941527
0.00266593966
0.00225047673
0.00244941527
0.00206769574
0.00225047673
0.00189975999
0.00206769574
0.00174546378
0.00189975999
0.00174546378
0.00872731891
0.00949879995
0.00801849663
0.00872731891
0.00736724404
0.00801849664
0.00676888539
0.00736724404
0.00621912472
0.00676888539
0.00571401494
0.00621912472
0.00524992956
0.00571401494
0.00482353663
0.00524992956
0.00443177482
0.00482353663
0.00407183144
0.00443177482
0.00374112222
0.00407183144
0.0034372728
0.00374112222
0.00315810166
0.0034372728
0.00290160447
0.00315810166
0.00266593966
0.00290160447
0.00244941528
0.00266593967
0.00225047673
0.00244941528
0.00206769573
0.00225047673
0.00189975999
0.00206769573
0.00189975999
0.00949879995
0.00990086821
0.00872731892
0.00909673168
0.00801849664
0.00835790615
0.00736724404
0.00767908712
0.0067688854
0.00705540095
0.00621912472
0.00648236984
0.00571401494
0.00595587961
0.00524992956
0.00547215027
0.00482353663
0.00502770885
0.00443177483
0.00461936442
0.00407183144
0.00424418524
0.00374112222
0.00389947765
0.0034372728
0.0035827668
0.00315810166
0.00329177881
0.00290160447
0.00302442452
0.00266593967
0.00277878442
0.00244941528
0.00255309492
0.00225047673
0.00234573564
0.00206769573
0.00215521783
0.00198017364
0.00206769573
0.00189975999
0.00225047673
0.00206769573
0.00244941528
0.00225047673
0.00266593967
0.00244941528
0.00290160447
0.00266593967
0.00315810166
0.00290160447
0.0034372728
0.00315810166
0.00374112222
0.0034372728
0.00407183144
0.00374112222
0.00443177483
0.00407183144
0.00482353663
0.00443177482
0.00524992956
0.00482353663
0.00571401494
0.00524992956
0.00621912472
0.00571401494
0.0067688854
0.00621912472
0.00736724404
0.00676888539
0.00801849664
0.00736724404
0.00872731892
0.00801849664
0.00949879995
0.00872731891
0.00949879995
0.00990086821
0.00189975999
0.00174546378
0.00206769573
0.00189975999
0.00225047673
0.00206769574
0.00244941528
0.00225047673
0.00266593966
0.00244941527
0.00290160447
0.00266593966
0.00315810166
0.00290160447
0.0034372728
0.00315810167
0.00374112222
0.00343727281
0.00407183144
0.00374112222
0.00443177482
0.00407183144
0.00482353663
0.00443177483
0.00524992956
0.00482353664
0.00571401494
0.00524992957
0.00621912472
0.00571401494
0.00676888539
0.00621912472
0.00736724404
0.0067688854
0.00801849663
0.00736724405
0.00872731891
0.00801849663
0.00872731892
0.00909673168
0.00174546378
0.00160369933
0.00189975999
0.00174546378
0.00206769574
0.00189975999
0.00225047673
0.00206769574
0.00244941527
0.00225047673
0.00266593967
0.00244941527
0.00290160447
0.00266593966
0.00315810167
0.00290160447
0.00343727281
0.00315810167
0.00374112222
0.00343727281
0.00407183144
0.00374112222
0.00443177483
0.00407183144
0.00482353664
0.00443177483
0.00524992957
0.00482353664
0.00571401494
0.00524992956
0.00621912472
0.00571401493
0.00676888541
0.00621912472
0.00736724405
0.00676888541
0.00801849664
0.00736724404
0.00801849664
0.00835790615
0.00160369933
0.00147344881
0.00174546378
0.00160369933
0.00189975999
0.00174546378
0.00206769574
0.00189975999
0.00225047673
0.00206769573
0.00244941527
0.00225047673
0.00266593967
0.00244941527
0.00290160447
0.00266593967
0.00315810167
0.00290160447
0.0034372728
0.00315810167
0.00374112222
0.0034372728
0.00407183144
0.00374112222
0.00443177483
0.00407183144
0.00482353664
0.00443177483
0.00524992956
0.00482353664
0.00571401493
0.00524992955
0.00621912472
0.00571401493
0.0067688854
0.00621912472
0.00736724404
0.00676888539
0.00736724404
0.00767908712
0.00147344881
0.00135377708
0.00160369933
0.00147344881
0.00174546378
0.00160369933
0.00189975999
0.00174546378
0.00206769573
0.00189975999
0.00225047673
0.00206769573
0.00244941527
0.00225047673
0.00266593967
0.00244941528
0.00290160447
0.00266593967
0.00315810166
0.00290160447
0.0034372728
0.00315810166
0.00374112222
0.0034372728
0.00407183144
0.00374112222
0.00443177483
0.00407183144
0.00482353663
0.00443177483
0.00524992955
0.00482353663
0.00571401493
0.00524992956
0.00621912472
0.00571401494
0.00676888539
0.00621912472
0.0067688854
0.00705540095
0.00135377708
0.00124382494
0.00147344881
0.00135377708
0.00160369933
0.00147344881
0.00174546378
0.00160369933
0.00189975999
0.00174546378
0.00206769573
0.00189975999
0.00225047673
0.00206769573
0.00244941528
0.00225047673
0.00266593967
0.00244941528
0.00290160447
0.00266593967
0.00315810166
0.00290160447
0.0034372728
0.00315810167
0.00374112222
0.0034372728
0.00407183144
0.00374112222
0.00443177483
0.00407183144
0.00482353664
0.00443177483
0.00524992956
0.00482353664
0.00571401494
0.00524992957
0.00621912472
0.00571401494
0.00621912472
0.00648236984
0.00124382494
0.00114280299
0.00135377708
0.00124382494
0.00147344881
0.00135377708
0.00160369933
0.00147344881
0.00174546378
0.00160369933
0.00189975999
0.00174546378
0.00206769574
0.00189975999
0.00225047673
0.00206769574
0.00244941528
0.00225047673
0.00266593967
0.00244941528
0.00290160447
0.00266593967
0.00315810167
0.00290160447
0.0034372728
0.00315810167
0.00374112222
0.0034372728
0.00407183144
0.00374112222
0.00443177483
0.00407183144
0.00482353664
0.00443177483
0.00524992957
0.00482353664
0.00571401494
0.00524992956
0.00571401494
0.00595587961
0.00114280299
0.00104998591
0.00124382494
0.00114280299
0.00135377708
0.00124382494
0.00147344881
0.00135377708
0.00160369933
0.00147344881
0.00174546378
0.00160369932
0.00189975999
0.00174546378
0.00206769574
0.00189975999
0.00225047673
0.00206769574
0.00244941527
0.00225047673
0.00266593967
0.00244941527
0.00290160447
0.00266593967
0.00315810167
0.00290160447
0.0034372728
0.00315810167
0.00374112222
0.0034372728
0.00407183144
0.00374112222
0.00443177483
0.00407183144
0.00482353664
0.00443177483
0.00524992956
0.00482353663
0.00524992956
0.00547215027
0.00104998591
0.000964707326
0.00114280299
0.00104998591
0.00124382495
0.00114280299
0.00135377708
0.00124382494
0.00147344881
0.00135377708
0.00160369932
0.00147344881
0.00174546378
0.00160369932
0.00189975999
0.00174546378
0.00206769574
0.00189975999
0.00225047673
0.00206769573
0.00244941527
0.00225047673
0.00266593967
0.00244941527
0.00290160447
0.00266593967
0.00315810167
0.00290160447
0.0034372728
0.00315810166
0.00374112222
0.0034372728
0.00407183144
0.00374112222
0.00443177483
0.00407183144
0.00482353663
0.00443177482
0.00482353663
0.00502770885
0.000964707326
0.000886354965
0.00104998591
0.000964707327
0.00114280299
0.00104998591
0.00124382494
0.00114280299
0.00135377708
0.00124382494
0.00147344881
0.00135377708
0.00160369932
0.00147344881
0.00174546378
0.00160369933
0.00189975999
0.00174546378
0.00206769573
0.00189975999
0.00225047673
0.00206769573
0.00244941527
0.00225047673
0.00266593967
0.00244941527
0.00290160447
0.00266593967
0.00315810166
0.00290160447
0.0034372728
0.00315810166
0.00374112222
0.0034372728
0.00407183144
0.00374112222
0.00443177482
0.00407183144
0.00443177483
0.00461936442
0.000886354966
0.000814366288
0.000964707328
0.000886354966
0.00104998591
0.000964707329
0.00114280299
0.00104998591
0.00124382494
0.00114280299
0.00135377708
0.00124382494
0.00147344881
0.00135377708
0.00160369933
0.00147344881
0.00174546379
0.00160369933
0.00189975999
0.00174546379
0.00206769573
0.00189975999
0.00225047673
0.00206769574
0.00244941528
0.00225047673
0.00266593967
0.00244941528
0.00290160447
0.00266593967
0.00315810167
0.00290160447
0.00343727281
0.00315810167
0.00374112222
0.00343727281
0.00407183144
0.00374112222
0.00407183144
0.00424418524
0.000814366289
0.000748224444
0.000886354967
0.000814366289
0.000964707329
0.000886354967
0.00104998591
0.000964707329
0.00114280299
0.00104998591
0.00124382494
0.00114280299
0.00135377708
0.00124382494
0.00147344881
0.00135377708
0.00160369933
0.00147344881
0.00174546378
0.00160369933
0.00189975999
0.00174546378
0.00206769574
0.00189975999
0.00225047673
0.00206769574
0.00244941528
0.00225047673
0.00266593967
0.00244941528
0.00290160447
0.00266593967
0.00315810167
0.00290160447
0.00343727281
0.00315810167
0.00374112222
0.0034372728
0.00374112222
0.00389947765
0.000748224444
0.00068745456
0.000814366289
0.000748224444
0.000886354967
0.000814366289
0.000964707328
0.000886354967
0.00104998591
0.000964707327
0.00114280299
0.00104998591
0.00124382494
0.00114280299
0.00135377708
0.00124382494
0.00147344881
0.00135377708
0.00160369933
0.00147344881
0.00174546378
0.00160369932
0.00189975999
0.00174546378
0.00206769574
0.00189975999
0.00225047673
0.00206769574
0.00244941528
0.00225047673
0.00266593967
0.00244941527
0.00290160447
0.00266593967
0.00315810167
0.00290160447
0.0034372728
0.00315810166
0.0034372728
0.0035827668
0.000687454559
0.000631620332
0.000748224443
0.000687454559
0.000814366288
0.000748224444
0.000886354965
0.000814366288
0.000964707325
0.000886354965
0.00104998591
0.000964707325
0.00114280299
0.00104998591
0.00124382494
0.00114280299
0.00135377708
0.00124382494
0.00147344881
0.00135377708
0.00160369932
0.00147344881
0.00174546378
0.00160369932
0.00189975999
0.00174546378
0.00206769573
0.00189975999
0.00225047673
0.00206769573
0.00244941527
0.00225047673
0.00266593966
0.00244941527
0.00290160447
0.00266593967
0.00315810166
0.00290160447
0.00315810166
0.00329177881
0.000631620332
0.000580320893
0.00068745456
0.000631620332
0.000748224444
0.00068745456
0.000814366288
0.000748224445
0.000886354964
0.000814366288
0.000964707325
0.000886354964
0.00104998591
0.000964707325
0.00114280299
0.00104998591
0.00124382494
0.00114280299
0.00135377708
0.00124382494
0.00147344881
0.00135377708
0.00160369932
0.00147344881
0.00174546378
0.00160369933
0.00189975999
0.00174546378
0.00206769573
0.00189975999
0.00225047673
0.00206769573
0.00244941527
0.00225047673
0.00266593966
0.00244941527
0.00290160447
0.00266593966
0.00290160447
0.00302442452
0.000580320894
0.000533187933
0.000631620333
0.000580320894
0.000687454561
0.000631620334
0.000748224444
0.000687454562
0.000814366288
0.000748224444
0.000886354965
0.000814366288
0.000964707327
0.000886354965
0.00104998591
0.000964707328
0.00114280299
0.00104998591
0.00124382494
0.00114280299
0.00135377708
0.00124382494
0.00147344881
0.00135377708
0.00160369933
0.00147344881
0.00174546378
0.00160369933
0.00189975999
0.00174546378
0.00206769573
0.00189975999
0.00225047673
0.00206769574
0.00244941527
0.00225047673
0.00266593967
0.00244941528
0.00266593967
0.00277878442
0.000533187934
0.000489883055
0.000580320895
0.000533187934
0.000631620335
0.000580320895
0.000687454562
0.000631620335
0.000748224445
0.000687454561
0.000814366288
0.000748224444
0.000886354967
0.000814366288
0.000964707329
0.000886354967
0.00104998591
0.000964707329
0.00114280299
0.00104998591
0.00124382494
0.00114280299
0.00135377708
0.00124382495
0.00147344881
0.00135377708
0.00160369933
0.00147344881
0.00174546378
0.00160369933
0.00189975999
0.00174546378
0.00206769574
0.00189975999
0.00225047673
0.00206769574
0.00244941528
0.00225047673
0.00244941528
0.00255309492
0.000489883055
0.000450095346
0.000533187934
0.000489883055
0.000580320895
0.000533187934
0.000631620334
0.000580320895
0.00068745456
0.000631620333
0.000748224444
0.00068745456
0.000814366289
0.000748224443
0.000886354967
0.000814366289
0.000964707329
0.000886354967
0.00104998591
0.000964707328
0.00114280299
0.00104998591
0.00124382494
0.00114280299
0.00135377708
0.00124382494
0.00147344881
0.00135377708
0.00160369933
0.00147344881
0.00174546378
0.00160369933
0.00189975999
0.00174546378
0.00206769574
0.00189975999
0.00225047673
0.00206769573
0.00225047673
0.00234573564
0.000450095346
0.000413539146
0.000489883055
0.000450095346
0.000533187934
0.000489883055
0.000580320894
0.000533187934
0.000631620332
0.000580320894
0.000687454559
0.000631620332
0.000748224444
0.000687454559
0.000814366289
0.000748224444
0.000886354966
0.000814366289
0.000964707327
0.000886354966
0.00104998591
0.000964707326
0.00114280299
0.00104998591
0.00124382494
0.00114280299
0.00135377708
0.00124382494
0.00147344881
0.00135377708
0.00160369933
0.00147344881
0.00174546378
0.00160369933
0.00189975999
0.00174546378
0.00206769573
0.00189975999
0.00206769573
0.00215521783
0.000413539146
0.000450095346
0.000489883055
0.000533187933
0.000580320893
0.000631620332
0.00068745456
0.000748224444
0.000814366288
0.000886354965
0.000964707326
0.00104998591
0.00114280299
0.00124382494
0.00135377708
0.00147344881
0.00160369933
0.00174546378
0.00189975999
0.00198017364
0.00949879995
0.00949879995
0.00872731892
0.00872731891
0.00801849664
0.00801849664
0.00736724404
0.00736724404
0.0067688854
0.00676888539
0.00621912472
0.00621912472
0.00571401494
0.00571401494
0.00524992956
0.00524992956
0.00482353663
0.00482353663
0.00443177483
0.00443177482
0.00407183144
0.00407183144
0.00374112222
0.00374112222
0.0034372728
0.0034372728
0.00315810166
0.00315810166
0.00290160447
0.00290160447
0.00266593967
0.00266593967
0.00244941528
0.00244941528
0.00225047673
0.00225047673
0.00206769573
0.00206769573
0.00189975999
0.00872731891
0.00872731892
0.00801849663
0.00801849663
0.00736724404
0.00736724405
0.00676888539
0.0067688854
0.00621912472
0.00621912472
0.00571401494
0.00571401494
0.00524992956
0.00524992957
0.00482353663
0.00482353664
0.00443177482
0.00443177483
0.00407183144
0.00407183144
0.00374112222
0.00374112222
0.0034372728
0.00343727281
0.00315810166
0.00315810167
0.00290160447
0.00290160447
0.00266593966
0.00266593966
0.00244941528
0.00244941527
0.00225047673
0.00225047673
0.00206769573
0.00206769574
0.00189975999
0.00189975999
0.00174546378
0.00801849664
0.00801849664
0.00736724405
0.00736724404
0.00676888541
0.00676888541
0.00621912472
0.00621912472
0.00571401494
0.00571401493
0.00524992957
0.00524992956
0.00482353664
0.00482353664
0.00443177483
0.00443177483
0.00407183144
0.00407183144
0.00374112222
0.00374112222
0.00343727281
0.00343727281
0.00315810167
0.00315810167
0.00290160447
0.00290160447
0.00266593967
0.00266593966
0.00244941527
0.00244941527
0.00225047673
0.00225047673
0.00206769574
0.00206769574
0.00189975999
0.00189975999
0.00174546378
0.00174546378
0.00160369933
0.00736724404
0.00736724404
0.0067688854
0.00676888539
0.00621912472
0.00621912472
0.00571401493
0.00571401493
0.00524992956
0.00524992955
0.00482353664
0.00482353664
0.00443177483
0.00443177483
0.00407183144
0.00407183144
0.00374112222
0.00374112222
0.0034372728
0.0034372728
0.00315810167
0.00315810167
0.00290160447
0.00290160447
0.00266593967
0.00266593967
0.00244941527
0.00244941527
0.00225047673
0.00225047673
0.00206769574
0.00206769573
0.00189975999
0.00189975999
0.00174546378
0.00174546378
0.00160369933
0.00160369933
0.00147344881
0.00676888539
0.0067688854
0.00621912472
0.00621912472
0.00571401493
0.00571401494
0.00524992955
0.00524992956
0.00482353663
0.00482353663
0.00443177483
0.00443177483
0.00407183144
0.00407183144
0.00374112222
0.00374112222
0.0034372728
0.0034372728
0.00315810166
0.00315810166
0.00290160447
0.00290160447
0.00266593967
0.00266593967
0.00244941527
0.00244941528
0.00225047673
0.00225047673
0.00206769573
0.00206769573
0.00189975999
0.00189975999
0.00174546378
0.00174546378
0.00160369933
0.00160369933
0.00147344881
0.00147344881
0.00135377708
0.00621912472
0.00621912472
0.00571401494
0.00571401494
0.00524992956
0.00524992957
0.00482353664
0.00482353664
0.00443177483
0.00443177483
0.00407183144
0.00407183144
0.00374112222
0.00374112222
0.0034372728
0.0034372728
0.00315810166
0.00315810167
0.00290160447
0.00290160447
0.00266593967
0.00266593967
0.00244941528
0.00244941528
0.00225047673
0.00225047673
0.00206769573
0.00206769573
0.00189975999
0.00189975999
0.00174546378
0.00174546378
0.00160369933
0.00160369933
0.00147344881
0.00147344881
0.00135377708
0.00135377708
0.00124382494
0.00571401494
0.00571401494
0.00524992957
0.00524992956
0.00482353664
0.00482353664
0.00443177483
0.00443177483
0.00407183144
0.00407183144
0.00374112222
0.00374112222
0.0034372728
0.0034372728
0.00315810167
0.00315810167
0.00290160447
0.00290160447
0.00266593967
0.00266593967
0.00244941528
0.00244941528
0.00225047673
0.00225047673
0.00206769574
0.00206769574
0.00189975999
0.00189975999
0.00174546378
0.00174546378
0.00160369933
0.00160369933
0.00147344881
0.00147344881
0.00135377708
0.00135377708
0.00124382494
0.00124382494
0.00114280299
0.00524992956
0.00524992956
0.00482353664
0.00482353663
0.00443177483
0.00443177483
0.00407183144
0.00407183144
0.00374112222
0.00374112222
0.0034372728
0.0034372728
0.00315810167
0.00315810167
0.00290160447
0.00290160447
0.00266593967
0.00266593967
0.00244941527
0.00244941527
0.00225047673
0.00225047673
0.00206769574
0.00206769574
0.00189975999
0.00189975999
0.00174546378
0.00174546378
0.00160369933
0.00160369932
0.00147344881
0.00147344881
0.00135377708
0.00135377708
0.00124382494
0.00124382494
0.00114280299
0.00114280299
0.00104998591
0.00482353663
0.00482353663
0.00443177483
0.00443177482
0.00407183144
0.00407183144
0.00374112222
0.00374112222
0.0034372728
0.0034372728
0.00315810167
0.00315810166
0.00290160447
0.00290160447
0.00266593967
0.00266593967
0.00244941527
0.00244941527
0.00225047673
0.00225047673
0.00206769574
0.00206769573
0.00189975999
0.00189975999
0.00174546378
0.00174546378
0.00160369932
0.00160369932
0.00147344881
0.00147344881
0.00135377708
0.00135377708
0.00124382495
0.00124382494
0.00114280299
0.00114280299
0.00104998591
0.00104998591
0.000964707326
0.00443177482
0.00443177483
0.00407183144
0.00407183144
0.00374112222
0.00374112222
0.0034372728
0.0034372728
0.00315810166
0.00315810166
0.00290160447
0.00290160447
0.00266593967
0.00266593967
0.00244941527
0.00244941527
0.00225047673
0.00225047673
0.00206769573
0.00206769573
0.00189975999
0.00189975999
0.00174546378
0.00174546378
0.00160369932
0.00160369933
0.00147344881
0.00147344881
0.00135377708
0.00135377708
0.00124382494
0.00124382494
0.00114280299
0.00114280299
0.00104998591
0.00104998591
0.000964707326
0.000964707327
0.000886354965
0.00407183144
0.00407183144
0.00374112222
0.00374112222
0.00343727281
0.00343727281
0.00315810167
0.00315810167
0.00290160447
0.00290160447
0.00266593967
0.00266593967
0.00244941528
0.00244941528
0.00225047673
0.00225047673
0.00206769573
0.00206769574
0.00189975999
0.00189975999
0.00174546379
0.00174546379
0.00160369933
0.00160369933
0.00147344881
0.00147344881
0.00135377708
0.00135377708
0.00124382494
0.00124382494
0.00114280299
0.00114280299
0.00104998591
0.00104998591
0.000964707328
0.000964707329
0.000886354966
0.000886354966
0.000814366288
0.00374112222
0.00374112222
0.00343727281
0.0034372728
0.00315810167
0.00315810167
0.00290160447
0.00290160447
0.00266593967
0.00266593967
0.00244941528
0.00244941528
0.00225047673
0.00225047673
0.00206769574
0.00206769574
0.00189975999
0.00189975999
0.00174546378
0.00174546378
0.00160369933
0.00160369933
0.00147344881
0.00147344881
0.00135377708
0.00135377708
0.00124382494
0.00124382494
0.00114280299
0.00114280299
0.00104998591
0.00104998591
0.000964707329
0.000964707329
0.000886354967
0.000886354967
0.000814366289
0.000814366289
0.000748224444
0.0034372728
0.0034372728
0.00315810167
0.00315810166
0.00290160447
0.00290160447
0.00266593967
0.00266593967
0.00244941528
0.00244941527
0.00225047673
0.00225047673
0.00206769574
0.00206769574
0.00189975999
0.00189975999
0.00174546378
0.00174546378
0.00160369933
0.00160369932
0.00147344881
0.00147344881
0.00135377708
0.00135377708
0.00124382494
0.00124382494
0.00114280299
0.00114280299
0.00104998591
0.00104998591
0.000964707328
0.000964707327
0.000886354967
0.000886354967
0.000814366289
0.000814366289
0.000748224444
0.000748224444
0.00068745456
0.00315810166
0.00315810166
0.00290160447
0.00290160447
0.00266593966
0.00266593967
0.00244941527
0.00244941527
0.00225047673
0.00225047673
0.00206769573
0.00206769573
0.00189975999
0.00189975999
0.00174546378
0.00174546378
0.00160369932
0.00160369932
0.00147344881
0.00147344881
0.00135377708
0.00135377708
0.00124382494
0.00124382494
0.00114280299
0.00114280299
0.00104998591
0.00104998591
0.000964707325
0.000964707325
0.000886354965
0.000886354965
0.000814366288
0.000814366288
0.000748224443
0.000748224444
0.000687454559
0.000687454559
0.000631620332
0.00290160447
0.00290160447
0.00266593966
0.00266593966
0.00244941527
0.00244941527
0.00225047673
0.00225047673
0.00206769573
0.00206769573
0.00189975999
0.00189975999
0.00174546378
0.00174546378
0.00160369932
0.00160369933
0.00147344881
0.00147344881
0.00135377708
0.00135377708
0.00124382494
0.00124382494
0.00114280299
0.00114280299
0.00104998591
0.00104998591
0.000964707325
0.000964707325
0.000886354964
0.000886354964
0.000814366288
0.000814366288
0.000748224444
0.000748224445
0.00068745456
0.00068745456
0.000631620332
0.000631620332
0.000580320893
0.00266593967
0.00266593967
0.00244941527
0.00244941528
0.00225047673
0.00225047673
0.00206769573
0.00206769574
0.00189975999
0.00189975999
0.00174546378
0.00174546378
0.00160369933
0.00160369933
0.00147344881
0.00147344881
0.00135377708
0.00135377708
0.00124382494
0.00124382494
0.00114280299
0.00114280299
0.00104998591
0.00104998591
0.000964707327
0.000964707328
0.000886354965
0.000886354965
0.000814366288
0.000814366288
0.000748224444
0.000748224444
0.000687454561
0.000687454562
0.000631620333
0.000631620334
0.000580320894
0.000580320894
0.000533187933
0.00244941528
0.00244941528
0.00225047673
0.00225047673
0.00206769574
0.00206769574
0.00189975999
0.00189975999
0.00174546378
0.00174546378
0.00160369933
0.00160369933
0.00147344881
0.00147344881
0.00135377708
0.00135377708
0.00124382494
0.00124382495
0.00114280299
0.00114280299
0.00104998591
0.00104998591
0.000964707329
0.000964707329
0.000886354967
0.000886354967
0.000814366288
0.000814366288
0.000748224445
0.000748224444
0.000687454562
0.000687454561
0.000631620335
0.000631620335
0.000580320895
0.000580320895
0.000533187934
0.000533187934
0.000489883055
0.00225047673
0.00225047673
0.00206769574
0.00206769573
0.00189975999
0.00189975999
0.00174546378
0.00174546378
0.00160369933
0.00160369933
0.00147344881
0.00147344881
0.00135377708
0.00135377708
0.00124382494
0.00124382494
0.00114280299
0.00114280299
0.00104998591
0.00104998591
0.000964707329
0.000964707328
0.000886354967
0.000886354967
0.000814366289
0.000814366289
0.000748224444
0.000748224443
0.00068745456
0.00068745456
0.000631620334
0.000631620333
0.000580320895
0.000580320895
0.000533187934
0.000533187934
0.000489883055
0.000489883055
0.000450095346
0.00206769573
0.00206769573
0.00189975999
0.00189975999
0.00174546378
0.00174546378
0.00160369933
0.00160369933
0.00147344881
0.00147344881
0.00135377708
0.00135377708
0.00124382494
0.00124382494
0.00114280299
0.00114280299
0.00104998591
0.00104998591
0.000964707327
0.000964707326
0.000886354966
0.000886354966
0.000814366289
0.000814366289
0.000748224444
0.000748224444
0.000687454559
0.000687454559
0.000631620332
0.000631620332
0.000580320894
0.000580320894
0.000533187934
0.000533187934
0.000489883055
0.000489883055
0.000450095346
0.000450095346
0.000413539146
0.00189975999
0.00174546378
0.00160369933
0.00147344881
0.00135377708
0.00124382494
0.00114280299
0.00104998591
0.000964707326
0.000886354965
0.000814366288
0.000748224444
0.00068745456
0.000631620332
0.000580320893
0.000533187933
0.000489883055
0.000450095346
0.000413539146
)
;

boundaryField
{
    inlet
    {
        type            cyclic;
        value           nonuniform List<scalar> 
1600
(
0.000198017364
0.000215521782
0.000234573564
0.000255309492
0.000277878442
0.000302442451
0.00032917788
0.000358276679
0.000389947765
0.000424418524
0.000461936442
0.000502770885
0.000547215027
0.00059558796
0.000648236983
0.000705540095
0.000767908712
0.000835790615
0.000909673167
0.000990086821
0.000215521782
0.000234573563
0.000255309492
0.000277878442
0.000302442452
0.000329177881
0.000358276679
0.000389947765
0.000424418524
0.000461936442
0.000502770884
0.000547215027
0.00059558796
0.000648236984
0.000705540096
0.000767908711
0.000835790614
0.000909673169
0.000990086821
0.00107760891
0.000234573564
0.000255309492
0.000277878443
0.000302442453
0.000329177881
0.000358276679
0.000389947765
0.000424418524
0.000461936443
0.000502770886
0.000547215027
0.000595587961
0.000648236984
0.000705540097
0.000767908713
0.000835790614
0.000909673169
0.000990086823
0.00107760891
0.00117286782
0.000255309492
0.000277878442
0.000302442453
0.000329177882
0.00035827668
0.000389947765
0.000424418524
0.000461936443
0.000502770886
0.000547215028
0.000595587961
0.000648236984
0.000705540097
0.000767908714
0.000835790616
0.000909673168
0.000990086823
0.00107760892
0.00117286782
0.00127654746
0.000277878442
0.000302442452
0.000329177881
0.00035827668
0.000389947765
0.000424418523
0.000461936442
0.000502770885
0.000547215028
0.000595587961
0.000648236983
0.000705540096
0.000767908712
0.000835790615
0.000909673168
0.00099008682
0.00107760891
0.00117286782
0.00127654746
0.00138939221
0.000302442451
0.000329177881
0.000358276679
0.000389947765
0.000424418523
0.000461936441
0.000502770884
0.000547215027
0.00059558796
0.000648236983
0.000705540095
0.000767908711
0.000835790613
0.000909673168
0.00099008682
0.00107760891
0.00117286782
0.00127654746
0.00138939221
0.00151221226
0.00032917788
0.000358276679
0.000389947765
0.000424418524
0.000461936442
0.000502770884
0.000547215026
0.00059558796
0.000648236983
0.000705540096
0.000767908711
0.000835790613
0.000909673167
0.000990086821
0.00107760891
0.00117286781
0.00127654746
0.00138939221
0.00151221226
0.0016458894
0.000358276679
0.000389947765
0.000424418524
0.000461936443
0.000502770885
0.000547215027
0.00059558796
0.000648236984
0.000705540097
0.000767908713
0.000835790614
0.000909673169
0.000990086822
0.00107760891
0.00117286782
0.00127654746
0.00138939221
0.00151221226
0.00164588941
0.0017913834
0.000389947765
0.000424418524
0.000461936443
0.000502770886
0.000547215028
0.00059558796
0.000648236983
0.000705540097
0.000767908714
0.000835790616
0.000909673168
0.000990086822
0.00107760891
0.00117286782
0.00127654746
0.00138939221
0.00151221226
0.00164588941
0.0017913834
0.00194973883
0.000424418524
0.000461936442
0.000502770886
0.000547215028
0.000595587961
0.000648236983
0.000705540096
0.000767908713
0.000835790616
0.000909673169
0.000990086821
0.00107760891
0.00117286782
0.00127654746
0.00138939221
0.00151221226
0.00164588941
0.0017913834
0.00194973882
0.00212209262
0.000461936442
0.000502770884
0.000547215027
0.000595587961
0.000648236983
0.000705540095
0.000767908711
0.000835790614
0.000909673168
0.000990086821
0.00107760891
0.00117286782
0.00127654746
0.00138939221
0.00151221226
0.0016458894
0.00179138339
0.00194973882
0.00212209261
0.00230968221
0.000502770885
0.000547215027
0.000595587961
0.000648236984
0.000705540096
0.000767908711
0.000835790613
0.000909673169
0.000990086822
0.00107760891
0.00117286782
0.00127654746
0.00138939221
0.00151221226
0.00164588941
0.00179138339
0.00194973882
0.00212209262
0.00230968221
0.00251385442
0.000547215027
0.00059558796
0.000648236984
0.000705540097
0.000767908712
0.000835790613
0.000909673167
0.000990086822
0.00107760891
0.00117286782
0.00127654746
0.00138939221
0.00151221226
0.00164588941
0.0017913834
0.00194973882
0.00212209262
0.00230968221
0.00251385442
0.00273607513
0.00059558796
0.000648236984
0.000705540097
0.000767908714
0.000835790615
0.000909673168
0.000990086821
0.00107760891
0.00117286782
0.00127654746
0.00138939221
0.00151221226
0.00164588941
0.0017913834
0.00194973883
0.00212209262
0.00230968221
0.00251385443
0.00273607514
0.0029779398
0.000648236983
0.000705540096
0.000767908713
0.000835790616
0.000909673168
0.00099008682
0.00107760891
0.00117286782
0.00127654746
0.00138939221
0.00151221226
0.00164588941
0.0017913834
0.00194973883
0.00212209262
0.00230968221
0.00251385443
0.00273607514
0.0029779398
0.00324118492
0.000705540095
0.000767908711
0.000835790614
0.000909673168
0.00099008682
0.00107760891
0.00117286781
0.00127654746
0.00138939221
0.00151221226
0.0016458894
0.00179138339
0.00194973882
0.00212209262
0.00230968221
0.00251385442
0.00273607513
0.0029779398
0.00324118491
0.00352770048
0.000767908712
0.000835790614
0.000909673169
0.000990086823
0.00107760891
0.00117286782
0.00127654746
0.00138939221
0.00151221226
0.00164588941
0.00179138339
0.00194973882
0.00212209262
0.00230968221
0.00251385443
0.00273607513
0.0029779398
0.00324118492
0.00352770048
0.00383954356
0.000835790615
0.000909673169
0.000990086823
0.00107760892
0.00117286782
0.00127654746
0.00138939221
0.00151221226
0.00164588941
0.0017913834
0.00194973882
0.00212209262
0.00230968221
0.00251385443
0.00273607514
0.0029779398
0.00324118492
0.00352770049
0.00383954356
0.00417895308
0.000909673167
0.000990086821
0.00107760891
0.00117286782
0.00127654746
0.00138939221
0.00151221226
0.00164588941
0.0017913834
0.00194973882
0.00212209261
0.00230968221
0.00251385442
0.00273607514
0.0029779398
0.00324118491
0.00352770048
0.00383954356
0.00417895307
0.00454836584
0.000990086821
0.00107760891
0.00117286782
0.00127654746
0.00138939221
0.00151221226
0.0016458894
0.0017913834
0.00194973883
0.00212209262
0.00230968221
0.00251385442
0.00273607513
0.0029779398
0.00324118492
0.00352770048
0.00383954356
0.00417895308
0.00454836584
0.00495043411
0.000990086821
0.000909673167
0.000835790615
0.000767908712
0.000705540095
0.000648236983
0.00059558796
0.000547215027
0.000502770885
0.000461936442
0.000424418524
0.000389947765
0.000358276679
0.00032917788
0.000302442451
0.000277878442
0.000255309492
0.000234573564
0.000215521782
0.000198017364
0.00107760891
0.000990086821
0.000909673169
0.000835790614
0.000767908711
0.000705540096
0.000648236984
0.00059558796
0.000547215027
0.000502770884
0.000461936442
0.000424418524
0.000389947765
0.000358276679
0.000329177881
0.000302442452
0.000277878442
0.000255309492
0.000234573563
0.000215521782
0.00117286782
0.00107760891
0.000990086823
0.000909673169
0.000835790614
0.000767908713
0.000705540097
0.000648236984
0.000595587961
0.000547215027
0.000502770886
0.000461936443
0.000424418524
0.000389947765
0.000358276679
0.000329177881
0.000302442453
0.000277878443
0.000255309492
0.000234573564
0.00127654746
0.00117286782
0.00107760892
0.000990086823
0.000909673168
0.000835790616
0.000767908714
0.000705540097
0.000648236984
0.000595587961
0.000547215028
0.000502770886
0.000461936443
0.000424418524
0.000389947765
0.00035827668
0.000329177882
0.000302442453
0.000277878442
0.000255309492
0.00138939221
0.00127654746
0.00117286782
0.00107760891
0.00099008682
0.000909673168
0.000835790615
0.000767908712
0.000705540096
0.000648236983
0.000595587961
0.000547215028
0.000502770885
0.000461936442
0.000424418523
0.000389947765
0.00035827668
0.000329177881
0.000302442452
0.000277878442
0.00151221226
0.00138939221
0.00127654746
0.00117286782
0.00107760891
0.00099008682
0.000909673168
0.000835790613
0.000767908711
0.000705540095
0.000648236983
0.00059558796
0.000547215027
0.000502770884
0.000461936441
0.000424418523
0.000389947765
0.000358276679
0.000329177881
0.000302442451
0.0016458894
0.00151221226
0.00138939221
0.00127654746
0.00117286781
0.00107760891
0.000990086821
0.000909673167
0.000835790613
0.000767908711
0.000705540096
0.000648236983
0.00059558796
0.000547215026
0.000502770884
0.000461936442
0.000424418524
0.000389947765
0.000358276679
0.00032917788
0.0017913834
0.00164588941
0.00151221226
0.00138939221
0.00127654746
0.00117286782
0.00107760891
0.000990086822
0.000909673169
0.000835790614
0.000767908713
0.000705540097
0.000648236984
0.00059558796
0.000547215027
0.000502770885
0.000461936443
0.000424418524
0.000389947765
0.000358276679
0.00194973883
0.0017913834
0.00164588941
0.00151221226
0.00138939221
0.00127654746
0.00117286782
0.00107760891
0.000990086822
0.000909673168
0.000835790616
0.000767908714
0.000705540097
0.000648236983
0.00059558796
0.000547215028
0.000502770886
0.000461936443
0.000424418524
0.000389947765
0.00212209262
0.00194973882
0.0017913834
0.00164588941
0.00151221226
0.00138939221
0.00127654746
0.00117286782
0.00107760891
0.000990086821
0.000909673169
0.000835790616
0.000767908713
0.000705540096
0.000648236983
0.000595587961
0.000547215028
0.000502770886
0.000461936442
0.000424418524
0.00230968221
0.00212209261
0.00194973882
0.00179138339
0.0016458894
0.00151221226
0.00138939221
0.00127654746
0.00117286782
0.00107760891
0.000990086821
0.000909673168
0.000835790614
0.000767908711
0.000705540095
0.000648236983
0.000595587961
0.000547215027
0.000502770884
0.000461936442
0.00251385442
0.00230968221
0.00212209262
0.00194973882
0.00179138339
0.00164588941
0.00151221226
0.00138939221
0.00127654746
0.00117286782
0.00107760891
0.000990086822
0.000909673169
0.000835790613
0.000767908711
0.000705540096
0.000648236984
0.000595587961
0.000547215027
0.000502770885
0.00273607513
0.00251385442
0.00230968221
0.00212209262
0.00194973882
0.0017913834
0.00164588941
0.00151221226
0.00138939221
0.00127654746
0.00117286782
0.00107760891
0.000990086822
0.000909673167
0.000835790613
0.000767908712
0.000705540097
0.000648236984
0.00059558796
0.000547215027
0.0029779398
0.00273607514
0.00251385443
0.00230968221
0.00212209262
0.00194973883
0.0017913834
0.00164588941
0.00151221226
0.00138939221
0.00127654746
0.00117286782
0.00107760891
0.000990086821
0.000909673168
0.000835790615
0.000767908714
0.000705540097
0.000648236984
0.00059558796
0.00324118492
0.0029779398
0.00273607514
0.00251385443
0.00230968221
0.00212209262
0.00194973883
0.0017913834
0.00164588941
0.00151221226
0.00138939221
0.00127654746
0.00117286782
0.00107760891
0.00099008682
0.000909673168
0.000835790616
0.000767908713
0.000705540096
0.000648236983
0.00352770048
0.00324118491
0.0029779398
0.00273607513
0.00251385442
0.00230968221
0.00212209262
0.00194973882
0.00179138339
0.0016458894
0.00151221226
0.00138939221
0.00127654746
0.00117286781
0.00107760891
0.00099008682
0.000909673168
0.000835790614
0.000767908711
0.000705540095
0.00383954356
0.00352770048
0.00324118492
0.0029779398
0.00273607513
0.00251385443
0.00230968221
0.00212209262
0.00194973882
0.00179138339
0.00164588941
0.00151221226
0.00138939221
0.00127654746
0.00117286782
0.00107760891
0.000990086823
0.000909673169
0.000835790614
0.000767908712
0.00417895308
0.00383954356
0.00352770049
0.00324118492
0.0029779398
0.00273607514
0.00251385443
0.00230968221
0.00212209262
0.00194973882
0.0017913834
0.00164588941
0.00151221226
0.00138939221
0.00127654746
0.00117286782
0.00107760892
0.000990086823
0.000909673169
0.000835790615
0.00454836584
0.00417895307
0.00383954356
0.00352770048
0.00324118491
0.0029779398
0.00273607514
0.00251385442
0.00230968221
0.00212209261
0.00194973882
0.0017913834
0.00164588941
0.00151221226
0.00138939221
0.00127654746
0.00117286782
0.00107760891
0.000990086821
0.000909673167
0.00495043411
0.00454836584
0.00417895308
0.00383954356
0.00352770048
0.00324118492
0.0029779398
0.00273607513
0.00251385442
0.00230968221
0.00212209262
0.00194973883
0.0017913834
0.0016458894
0.00151221226
0.00138939221
0.00127654746
0.00117286782
0.00107760891
0.000990086821
0.000990086821
0.00107760891
0.00117286782
0.00127654746
0.00138939221
0.00151221226
0.0016458894
0.0017913834
0.00194973883
0.00212209262
0.00230968221
0.00251385442
0.00273607513
0.0029779398
0.00324118492
0.00352770048
0.00383954356
0.00417895308
0.00454836584
0.00495043411
0.000909673167
0.000990086821
0.00107760891
0.00117286782
0.00127654746
0.00138939221
0.00151221226
0.00164588941
0.0017913834
0.00194973882
0.00212209261
0.00230968221
0.00251385442
0.00273607514
0.0029779398
0.00324118491
0.00352770048
0.00383954356
0.00417895307
0.00454836584
0.000835790615
0.000909673169
0.000990086823
0.00107760892
0.00117286782
0.00127654746
0.00138939221
0.00151221226
0.00164588941
0.0017913834
0.00194973882
0.00212209262
0.00230968221
0.00251385443
0.00273607514
0.0029779398
0.00324118492
0.00352770049
0.00383954356
0.00417895308
0.000767908712
0.000835790614
0.000909673169
0.000990086823
0.00107760891
0.00117286782
0.00127654746
0.00138939221
0.00151221226
0.00164588941
0.00179138339
0.00194973882
0.00212209262
0.00230968221
0.00251385443
0.00273607513
0.0029779398
0.00324118492
0.00352770048
0.00383954356
0.000705540095
0.000767908711
0.000835790614
0.000909673168
0.00099008682
0.00107760891
0.00117286781
0.00127654746
0.00138939221
0.00151221226
0.0016458894
0.00179138339
0.00194973882
0.00212209262
0.00230968221
0.00251385442
0.00273607513
0.0029779398
0.00324118491
0.00352770048
0.000648236983
0.000705540096
0.000767908713
0.000835790616
0.000909673168
0.00099008682
0.00107760891
0.00117286782
0.00127654746
0.00138939221
0.00151221226
0.00164588941
0.0017913834
0.00194973883
0.00212209262
0.00230968221
0.00251385443
0.00273607514
0.0029779398
0.00324118492
0.00059558796
0.000648236984
0.000705540097
0.000767908714
0.000835790615
0.000909673168
0.000990086821
0.00107760891
0.00117286782
0.00127654746
0.00138939221
0.00151221226
0.00164588941
0.0017913834
0.00194973883
0.00212209262
0.00230968221
0.00251385443
0.00273607514
0.0029779398
0.000547215027
0.00059558796
0.000648236984
0.000705540097
0.000767908712
0.000835790613
0.000909673167
0.000990086822
0.00107760891
0.00117286782
0.00127654746
0.00138939221
0.00151221226
0.00164588941
0.0017913834
0.00194973882
0.00212209262
0.00230968221
0.00251385442
0.00273607513
0.000502770885
0.000547215027
0.000595587961
0.000648236984
0.000705540096
0.000767908711
0.000835790613
0.000909673169
0.000990086822
0.00107760891
0.00117286782
0.00127654746
0.00138939221
0.00151221226
0.00164588941
0.00179138339
0.00194973882
0.00212209262
0.00230968221
0.00251385442
0.000461936442
0.000502770884
0.000547215027
0.000595587961
0.000648236983
0.000705540095
0.000767908711
0.000835790614
0.000909673168
0.000990086821
0.00107760891
0.00117286782
0.00127654746
0.00138939221
0.00151221226
0.0016458894
0.00179138339
0.00194973882
0.00212209261
0.00230968221
0.000424418524
0.000461936442
0.000502770886
0.000547215028
0.000595587961
0.000648236983
0.000705540096
0.000767908713
0.000835790616
0.000909673169
0.000990086821
0.00107760891
0.00117286782
0.00127654746
0.00138939221
0.00151221226
0.00164588941
0.0017913834
0.00194973882
0.00212209262
0.000389947765
0.000424418524
0.000461936443
0.000502770886
0.000547215028
0.00059558796
0.000648236983
0.000705540097
0.000767908714
0.000835790616
0.000909673168
0.000990086822
0.00107760891
0.00117286782
0.00127654746
0.00138939221
0.00151221226
0.00164588941
0.0017913834
0.00194973883
0.000358276679
0.000389947765
0.000424418524
0.000461936443
0.000502770885
0.000547215027
0.00059558796
0.000648236984
0.000705540097
0.000767908713
0.000835790614
0.000909673169
0.000990086822
0.00107760891
0.00117286782
0.00127654746
0.00138939221
0.00151221226
0.00164588941
0.0017913834
0.00032917788
0.000358276679
0.000389947765
0.000424418524
0.000461936442
0.000502770884
0.000547215026
0.00059558796
0.000648236983
0.000705540096
0.000767908711
0.000835790613
0.000909673167
0.000990086821
0.00107760891
0.00117286781
0.00127654746
0.00138939221
0.00151221226
0.0016458894
0.000302442451
0.000329177881
0.000358276679
0.000389947765
0.000424418523
0.000461936441
0.000502770884
0.000547215027
0.00059558796
0.000648236983
0.000705540095
0.000767908711
0.000835790613
0.000909673168
0.00099008682
0.00107760891
0.00117286782
0.00127654746
0.00138939221
0.00151221226
0.000277878442
0.000302442452
0.000329177881
0.00035827668
0.000389947765
0.000424418523
0.000461936442
0.000502770885
0.000547215028
0.000595587961
0.000648236983
0.000705540096
0.000767908712
0.000835790615
0.000909673168
0.00099008682
0.00107760891
0.00117286782
0.00127654746
0.00138939221
0.000255309492
0.000277878442
0.000302442453
0.000329177882
0.00035827668
0.000389947765
0.000424418524
0.000461936443
0.000502770886
0.000547215028
0.000595587961
0.000648236984
0.000705540097
0.000767908714
0.000835790616
0.000909673168
0.000990086823
0.00107760892
0.00117286782
0.00127654746
0.000234573564
0.000255309492
0.000277878443
0.000302442453
0.000329177881
0.000358276679
0.000389947765
0.000424418524
0.000461936443
0.000502770886
0.000547215027
0.000595587961
0.000648236984
0.000705540097
0.000767908713
0.000835790614
0.000909673169
0.000990086823
0.00107760891
0.00117286782
0.000215521782
0.000234573563
0.000255309492
0.000277878442
0.000302442452
0.000329177881
0.000358276679
0.000389947765
0.000424418524
0.000461936442
0.000502770884
0.000547215027
0.00059558796
0.000648236984
0.000705540096
0.000767908711
0.000835790614
0.000909673169
0.000990086821
0.00107760891
0.000198017364
0.000215521782
0.000234573564
0.000255309492
0.000277878442
0.000302442451
0.00032917788
0.000358276679
0.000389947765
0.000424418524
0.000461936442
0.000502770885
0.000547215027
0.00059558796
0.000648236983
0.000705540095
0.000767908712
0.000835790615
0.000909673167
0.000990086821
0.00495043411
0.00454836584
0.00417895308
0.00383954356
0.00352770048
0.00324118492
0.0029779398
0.00273607513
0.00251385442
0.00230968221
0.00212209262
0.00194973883
0.0017913834
0.0016458894
0.00151221226
0.00138939221
0.00127654746
0.00117286782
0.00107760891
0.000990086821
0.00454836584
0.00417895307
0.00383954356
0.00352770048
0.00324118491
0.0029779398
0.00273607514
0.00251385442
0.00230968221
0.00212209261
0.00194973882
0.0017913834
0.00164588941
0.00151221226
0.00138939221
0.00127654746
0.00117286782
0.00107760891
0.000990086821
0.000909673167
0.00417895308
0.00383954356
0.00352770049
0.00324118492
0.0029779398
0.00273607514
0.00251385443
0.00230968221
0.00212209262
0.00194973882
0.0017913834
0.00164588941
0.00151221226
0.00138939221
0.00127654746
0.00117286782
0.00107760892
0.000990086823
0.000909673169
0.000835790615
0.00383954356
0.00352770048
0.00324118492
0.0029779398
0.00273607513
0.00251385443
0.00230968221
0.00212209262
0.00194973882
0.00179138339
0.00164588941
0.00151221226
0.00138939221
0.00127654746
0.00117286782
0.00107760891
0.000990086823
0.000909673169
0.000835790614
0.000767908712
0.00352770048
0.00324118491
0.0029779398
0.00273607513
0.00251385442
0.00230968221
0.00212209262
0.00194973882
0.00179138339
0.0016458894
0.00151221226
0.00138939221
0.00127654746
0.00117286781
0.00107760891
0.00099008682
0.000909673168
0.000835790614
0.000767908711
0.000705540095
0.00324118492
0.0029779398
0.00273607514
0.00251385443
0.00230968221
0.00212209262
0.00194973883
0.0017913834
0.00164588941
0.00151221226
0.00138939221
0.00127654746
0.00117286782
0.00107760891
0.00099008682
0.000909673168
0.000835790616
0.000767908713
0.000705540096
0.000648236983
0.0029779398
0.00273607514
0.00251385443
0.00230968221
0.00212209262
0.00194973883
0.0017913834
0.00164588941
0.00151221226
0.00138939221
0.00127654746
0.00117286782
0.00107760891
0.000990086821
0.000909673168
0.000835790615
0.000767908714
0.000705540097
0.000648236984
0.00059558796
0.00273607513
0.00251385442
0.00230968221
0.00212209262
0.00194973882
0.0017913834
0.00164588941
0.00151221226
0.00138939221
0.00127654746
0.00117286782
0.00107760891
0.000990086822
0.000909673167
0.000835790613
0.000767908712
0.000705540097
0.000648236984
0.00059558796
0.000547215027
0.00251385442
0.00230968221
0.00212209262
0.00194973882
0.00179138339
0.00164588941
0.00151221226
0.00138939221
0.00127654746
0.00117286782
0.00107760891
0.000990086822
0.000909673169
0.000835790613
0.000767908711
0.000705540096
0.000648236984
0.000595587961
0.000547215027
0.000502770885
0.00230968221
0.00212209261
0.00194973882
0.00179138339
0.0016458894
0.00151221226
0.00138939221
0.00127654746
0.00117286782
0.00107760891
0.000990086821
0.000909673168
0.000835790614
0.000767908711
0.000705540095
0.000648236983
0.000595587961
0.000547215027
0.000502770884
0.000461936442
0.00212209262
0.00194973882
0.0017913834
0.00164588941
0.00151221226
0.00138939221
0.00127654746
0.00117286782
0.00107760891
0.000990086821
0.000909673169
0.000835790616
0.000767908713
0.000705540096
0.000648236983
0.000595587961
0.000547215028
0.000502770886
0.000461936442
0.000424418524
0.00194973883
0.0017913834
0.00164588941
0.00151221226
0.00138939221
0.00127654746
0.00117286782
0.00107760891
0.000990086822
0.000909673168
0.000835790616
0.000767908714
0.000705540097
0.000648236983
0.00059558796
0.000547215028
0.000502770886
0.000461936443
0.000424418524
0.000389947765
0.0017913834
0.00164588941
0.00151221226
0.00138939221
0.00127654746
0.00117286782
0.00107760891
0.000990086822
0.000909673169
0.000835790614
0.000767908713
0.000705540097
0.000648236984
0.00059558796
0.000547215027
0.000502770885
0.000461936443
0.000424418524
0.000389947765
0.000358276679
0.0016458894
0.00151221226
0.00138939221
0.00127654746
0.00117286781
0.00107760891
0.000990086821
0.000909673167
0.000835790613
0.000767908711
0.000705540096
0.000648236983
0.00059558796
0.000547215026
0.000502770884
0.000461936442
0.000424418524
0.000389947765
0.000358276679
0.00032917788
0.00151221226
0.00138939221
0.00127654746
0.00117286782
0.00107760891
0.00099008682
0.000909673168
0.000835790613
0.000767908711
0.000705540095
0.000648236983
0.00059558796
0.000547215027
0.000502770884
0.000461936441
0.000424418523
0.000389947765
0.000358276679
0.000329177881
0.000302442451
0.00138939221
0.00127654746
0.00117286782
0.00107760891
0.00099008682
0.000909673168
0.000835790615
0.000767908712
0.000705540096
0.000648236983
0.000595587961
0.000547215028
0.000502770885
0.000461936442
0.000424418523
0.000389947765
0.00035827668
0.000329177881
0.000302442452
0.000277878442
0.00127654746
0.00117286782
0.00107760892
0.000990086823
0.000909673168
0.000835790616
0.000767908714
0.000705540097
0.000648236984
0.000595587961
0.000547215028
0.000502770886
0.000461936443
0.000424418524
0.000389947765
0.00035827668
0.000329177882
0.000302442453
0.000277878442
0.000255309492
0.00117286782
0.00107760891
0.000990086823
0.000909673169
0.000835790614
0.000767908713
0.000705540097
0.000648236984
0.000595587961
0.000547215027
0.000502770886
0.000461936443
0.000424418524
0.000389947765
0.000358276679
0.000329177881
0.000302442453
0.000277878443
0.000255309492
0.000234573564
0.00107760891
0.000990086821
0.000909673169
0.000835790614
0.000767908711
0.000705540096
0.000648236984
0.00059558796
0.000547215027
0.000502770884
0.000461936442
0.000424418524
0.000389947765
0.000358276679
0.000329177881
0.000302442452
0.000277878442
0.000255309492
0.000234573563
0.000215521782
0.000990086821
0.000909673167
0.000835790615
0.000767908712
0.000705540095
0.000648236983
0.00059558796
0.000547215027
0.000502770885
0.000461936442
0.000424418524
0.000389947765
0.000358276679
0.00032917788
0.000302442451
0.000277878442
0.000255309492
0.000234573564
0.000215521782
0.000198017364
)
;
    }
    outlet
    {
        type            cyclic;
        value           nonuniform List<scalar> 
1600
(
0.000198017364
0.000215521782
0.000234573564
0.000255309492
0.000277878442
0.000302442451
0.00032917788
0.000358276679
0.000389947765
0.000424418524
0.000461936442
0.000502770885
0.000547215027
0.00059558796
0.000648236983
0.000705540095
0.000767908712
0.000835790615
0.000909673167
0.000990086821
0.000215521782
0.000234573563
0.000255309492
0.000277878442
0.000302442452
0.000329177881
0.000358276679
0.000389947765
0.000424418524
0.000461936442
0.000502770884
0.000547215027
0.00059558796
0.000648236984
0.000705540096
0.000767908711
0.000835790614
0.000909673169
0.000990086821
0.00107760891
0.000234573564
0.000255309492
0.000277878443
0.000302442453
0.000329177881
0.000358276679
0.000389947765
0.000424418524
0.000461936443
0.000502770886
0.000547215027
0.000595587961
0.000648236984
0.000705540097
0.000767908713
0.000835790614
0.000909673169
0.000990086823
0.00107760891
0.00117286782
0.000255309492
0.000277878442
0.000302442453
0.000329177882
0.00035827668
0.000389947765
0.000424418524
0.000461936443
0.000502770886
0.000547215028
0.000595587961
0.000648236984
0.000705540097
0.000767908714
0.000835790616
0.000909673168
0.000990086823
0.00107760892
0.00117286782
0.00127654746
0.000277878442
0.000302442452
0.000329177881
0.00035827668
0.000389947765
0.000424418523
0.000461936442
0.000502770885
0.000547215028
0.000595587961
0.000648236983
0.000705540096
0.000767908712
0.000835790615
0.000909673168
0.00099008682
0.00107760891
0.00117286782
0.00127654746
0.00138939221
0.000302442451
0.000329177881
0.000358276679
0.000389947765
0.000424418523
0.000461936441
0.000502770884
0.000547215027
0.00059558796
0.000648236983
0.000705540095
0.000767908711
0.000835790613
0.000909673168
0.00099008682
0.00107760891
0.00117286782
0.00127654746
0.00138939221
0.00151221226
0.00032917788
0.000358276679
0.000389947765
0.000424418524
0.000461936442
0.000502770884
0.000547215026
0.00059558796
0.000648236983
0.000705540096
0.000767908711
0.000835790613
0.000909673167
0.000990086821
0.00107760891
0.00117286781
0.00127654746
0.00138939221
0.00151221226
0.0016458894
0.000358276679
0.000389947765
0.000424418524
0.000461936443
0.000502770885
0.000547215027
0.00059558796
0.000648236984
0.000705540097
0.000767908713
0.000835790614
0.000909673169
0.000990086822
0.00107760891
0.00117286782
0.00127654746
0.00138939221
0.00151221226
0.00164588941
0.0017913834
0.000389947765
0.000424418524
0.000461936443
0.000502770886
0.000547215028
0.00059558796
0.000648236983
0.000705540097
0.000767908714
0.000835790616
0.000909673168
0.000990086822
0.00107760891
0.00117286782
0.00127654746
0.00138939221
0.00151221226
0.00164588941
0.0017913834
0.00194973883
0.000424418524
0.000461936442
0.000502770886
0.000547215028
0.000595587961
0.000648236983
0.000705540096
0.000767908713
0.000835790616
0.000909673169
0.000990086821
0.00107760891
0.00117286782
0.00127654746
0.00138939221
0.00151221226
0.00164588941
0.0017913834
0.00194973882
0.00212209262
0.000461936442
0.000502770884
0.000547215027
0.000595587961
0.000648236983
0.000705540095
0.000767908711
0.000835790614
0.000909673168
0.000990086821
0.00107760891
0.00117286782
0.00127654746
0.00138939221
0.00151221226
0.0016458894
0.00179138339
0.00194973882
0.00212209261
0.00230968221
0.000502770885
0.000547215027
0.000595587961
0.000648236984
0.000705540096
0.000767908711
0.000835790613
0.000909673169
0.000990086822
0.00107760891
0.00117286782
0.00127654746
0.00138939221
0.00151221226
0.00164588941
0.00179138339
0.00194973882
0.00212209262
0.00230968221
0.00251385442
0.000547215027
0.00059558796
0.000648236984
0.000705540097
0.000767908712
0.000835790613
0.000909673167
0.000990086822
0.00107760891
0.00117286782
0.00127654746
0.00138939221
0.00151221226
0.00164588941
0.0017913834
0.00194973882
0.00212209262
0.00230968221
0.00251385442
0.00273607513
0.00059558796
0.000648236984
0.000705540097
0.000767908714
0.000835790615
0.000909673168
0.000990086821
0.00107760891
0.00117286782
0.00127654746
0.00138939221
0.00151221226
0.00164588941
0.0017913834
0.00194973883
0.00212209262
0.00230968221
0.00251385443
0.00273607514
0.0029779398
0.000648236983
0.000705540096
0.000767908713
0.000835790616
0.000909673168
0.00099008682
0.00107760891
0.00117286782
0.00127654746
0.00138939221
0.00151221226
0.00164588941
0.0017913834
0.00194973883
0.00212209262
0.00230968221
0.00251385443
0.00273607514
0.0029779398
0.00324118492
0.000705540095
0.000767908711
0.000835790614
0.000909673168
0.00099008682
0.00107760891
0.00117286781
0.00127654746
0.00138939221
0.00151221226
0.0016458894
0.00179138339
0.00194973882
0.00212209262
0.00230968221
0.00251385442
0.00273607513
0.0029779398
0.00324118491
0.00352770048
0.000767908712
0.000835790614
0.000909673169
0.000990086823
0.00107760891
0.00117286782
0.00127654746
0.00138939221
0.00151221226
0.00164588941
0.00179138339
0.00194973882
0.00212209262
0.00230968221
0.00251385443
0.00273607513
0.0029779398
0.00324118492
0.00352770048
0.00383954356
0.000835790615
0.000909673169
0.000990086823
0.00107760892
0.00117286782
0.00127654746
0.00138939221
0.00151221226
0.00164588941
0.0017913834
0.00194973882
0.00212209262
0.00230968221
0.00251385443
0.00273607514
0.0029779398
0.00324118492
0.00352770049
0.00383954356
0.00417895308
0.000909673167
0.000990086821
0.00107760891
0.00117286782
0.00127654746
0.00138939221
0.00151221226
0.00164588941
0.0017913834
0.00194973882
0.00212209261
0.00230968221
0.00251385442
0.00273607514
0.0029779398
0.00324118491
0.00352770048
0.00383954356
0.00417895307
0.00454836584
0.000990086821
0.00107760891
0.00117286782
0.00127654746
0.00138939221
0.00151221226
0.0016458894
0.0017913834
0.00194973883
0.00212209262
0.00230968221
0.00251385442
0.00273607513
0.0029779398
0.00324118492
0.00352770048
0.00383954356
0.00417895308
0.00454836584
0.00495043411
0.000990086821
0.000909673167
0.000835790615
0.000767908712
0.000705540095
0.000648236983
0.00059558796
0.000547215027
0.000502770885
0.000461936442
0.000424418524
0.000389947765
0.000358276679
0.00032917788
0.000302442451
0.000277878442
0.000255309492
0.000234573564
0.000215521782
0.000198017364
0.00107760891
0.000990086821
0.000909673169
0.000835790614
0.000767908711
0.000705540096
0.000648236984
0.00059558796
0.000547215027
0.000502770884
0.000461936442
0.000424418524
0.000389947765
0.000358276679
0.000329177881
0.000302442452
0.000277878442
0.000255309492
0.000234573563
0.000215521782
0.00117286782
0.00107760891
0.000990086823
0.000909673169
0.000835790614
0.000767908713
0.000705540097
0.000648236984
0.000595587961
0.000547215027
0.000502770886
0.000461936443
0.000424418524
0.000389947765
0.000358276679
0.000329177881
0.000302442453
0.000277878443
0.000255309492
0.000234573564
0.00127654746
0.00117286782
0.00107760892
0.000990086823
0.000909673168
0.000835790616
0.000767908714
0.000705540097
0.000648236984
0.000595587961
0.000547215028
0.000502770886
0.000461936443
0.000424418524
0.000389947765
0.00035827668
0.000329177882
0.000302442453
0.000277878442
0.000255309492
0.00138939221
0.00127654746
0.00117286782
0.00107760891
0.00099008682
0.000909673168
0.000835790615
0.000767908712
0.000705540096
0.000648236983
0.000595587961
0.000547215028
0.000502770885
0.000461936442
0.000424418523
0.000389947765
0.00035827668
0.000329177881
0.000302442452
0.000277878442
0.00151221226
0.00138939221
0.00127654746
0.00117286782
0.00107760891
0.00099008682
0.000909673168
0.000835790613
0.000767908711
0.000705540095
0.000648236983
0.00059558796
0.000547215027
0.000502770884
0.000461936441
0.000424418523
0.000389947765
0.000358276679
0.000329177881
0.000302442451
0.0016458894
0.00151221226
0.00138939221
0.00127654746
0.00117286781
0.00107760891
0.000990086821
0.000909673167
0.000835790613
0.000767908711
0.000705540096
0.000648236983
0.00059558796
0.000547215026
0.000502770884
0.000461936442
0.000424418524
0.000389947765
0.000358276679
0.00032917788
0.0017913834
0.00164588941
0.00151221226
0.00138939221
0.00127654746
0.00117286782
0.00107760891
0.000990086822
0.000909673169
0.000835790614
0.000767908713
0.000705540097
0.000648236984
0.00059558796
0.000547215027
0.000502770885
0.000461936443
0.000424418524
0.000389947765
0.000358276679
0.00194973883
0.0017913834
0.00164588941
0.00151221226
0.00138939221
0.00127654746
0.00117286782
0.00107760891
0.000990086822
0.000909673168
0.000835790616
0.000767908714
0.000705540097
0.000648236983
0.00059558796
0.000547215028
0.000502770886
0.000461936443
0.000424418524
0.000389947765
0.00212209262
0.00194973882
0.0017913834
0.00164588941
0.00151221226
0.00138939221
0.00127654746
0.00117286782
0.00107760891
0.000990086821
0.000909673169
0.000835790616
0.000767908713
0.000705540096
0.000648236983
0.000595587961
0.000547215028
0.000502770886
0.000461936442
0.000424418524
0.00230968221
0.00212209261
0.00194973882
0.00179138339
0.0016458894
0.00151221226
0.00138939221
0.00127654746
0.00117286782
0.00107760891
0.000990086821
0.000909673168
0.000835790614
0.000767908711
0.000705540095
0.000648236983
0.000595587961
0.000547215027
0.000502770884
0.000461936442
0.00251385442
0.00230968221
0.00212209262
0.00194973882
0.00179138339
0.00164588941
0.00151221226
0.00138939221
0.00127654746
0.00117286782
0.00107760891
0.000990086822
0.000909673169
0.000835790613
0.000767908711
0.000705540096
0.000648236984
0.000595587961
0.000547215027
0.000502770885
0.00273607513
0.00251385442
0.00230968221
0.00212209262
0.00194973882
0.0017913834
0.00164588941
0.00151221226
0.00138939221
0.00127654746
0.00117286782
0.00107760891
0.000990086822
0.000909673167
0.000835790613
0.000767908712
0.000705540097
0.000648236984
0.00059558796
0.000547215027
0.0029779398
0.00273607514
0.00251385443
0.00230968221
0.00212209262
0.00194973883
0.0017913834
0.00164588941
0.00151221226
0.00138939221
0.00127654746
0.00117286782
0.00107760891
0.000990086821
0.000909673168
0.000835790615
0.000767908714
0.000705540097
0.000648236984
0.00059558796
0.00324118492
0.0029779398
0.00273607514
0.00251385443
0.00230968221
0.00212209262
0.00194973883
0.0017913834
0.00164588941
0.00151221226
0.00138939221
0.00127654746
0.00117286782
0.00107760891
0.00099008682
0.000909673168
0.000835790616
0.000767908713
0.000705540096
0.000648236983
0.00352770048
0.00324118491
0.0029779398
0.00273607513
0.00251385442
0.00230968221
0.00212209262
0.00194973882
0.00179138339
0.0016458894
0.00151221226
0.00138939221
0.00127654746
0.00117286781
0.00107760891
0.00099008682
0.000909673168
0.000835790614
0.000767908711
0.000705540095
0.00383954356
0.00352770048
0.00324118492
0.0029779398
0.00273607513
0.00251385443
0.00230968221
0.00212209262
0.00194973882
0.00179138339
0.00164588941
0.00151221226
0.00138939221
0.00127654746
0.00117286782
0.00107760891
0.000990086823
0.000909673169
0.000835790614
0.000767908712
0.00417895308
0.00383954356
0.00352770049
0.00324118492
0.0029779398
0.00273607514
0.00251385443
0.00230968221
0.00212209262
0.00194973882
0.0017913834
0.00164588941
0.00151221226
0.00138939221
0.00127654746
0.00117286782
0.00107760892
0.000990086823
0.000909673169
0.000835790615
0.00454836584
0.00417895307
0.00383954356
0.00352770048
0.00324118491
0.0029779398
0.00273607514
0.00251385442
0.00230968221
0.00212209261
0.00194973882
0.0017913834
0.00164588941
0.00151221226
0.00138939221
0.00127654746
0.00117286782
0.00107760891
0.000990086821
0.000909673167
0.00495043411
0.00454836584
0.00417895308
0.00383954356
0.00352770048
0.00324118492
0.0029779398
0.00273607513
0.00251385442
0.00230968221
0.00212209262
0.00194973883
0.0017913834
0.0016458894
0.00151221226
0.00138939221
0.00127654746
0.00117286782
0.00107760891
0.000990086821
0.000990086821
0.00107760891
0.00117286782
0.00127654746
0.00138939221
0.00151221226
0.0016458894
0.0017913834
0.00194973883
0.00212209262
0.00230968221
0.00251385442
0.00273607513
0.0029779398
0.00324118492
0.00352770048
0.00383954356
0.00417895308
0.00454836584
0.00495043411
0.000909673167
0.000990086821
0.00107760891
0.00117286782
0.00127654746
0.00138939221
0.00151221226
0.00164588941
0.0017913834
0.00194973882
0.00212209261
0.00230968221
0.00251385442
0.00273607514
0.0029779398
0.00324118491
0.00352770048
0.00383954356
0.00417895307
0.00454836584
0.000835790615
0.000909673169
0.000990086823
0.00107760892
0.00117286782
0.00127654746
0.00138939221
0.00151221226
0.00164588941
0.0017913834
0.00194973882
0.00212209262
0.00230968221
0.00251385443
0.00273607514
0.0029779398
0.00324118492
0.00352770049
0.00383954356
0.00417895308
0.000767908712
0.000835790614
0.000909673169
0.000990086823
0.00107760891
0.00117286782
0.00127654746
0.00138939221
0.00151221226
0.00164588941
0.00179138339
0.00194973882
0.00212209262
0.00230968221
0.00251385443
0.00273607513
0.0029779398
0.00324118492
0.00352770048
0.00383954356
0.000705540095
0.000767908711
0.000835790614
0.000909673168
0.00099008682
0.00107760891
0.00117286781
0.00127654746
0.00138939221
0.00151221226
0.0016458894
0.00179138339
0.00194973882
0.00212209262
0.00230968221
0.00251385442
0.00273607513
0.0029779398
0.00324118491
0.00352770048
0.000648236983
0.000705540096
0.000767908713
0.000835790616
0.000909673168
0.00099008682
0.00107760891
0.00117286782
0.00127654746
0.00138939221
0.00151221226
0.00164588941
0.0017913834
0.00194973883
0.00212209262
0.00230968221
0.00251385443
0.00273607514
0.0029779398
0.00324118492
0.00059558796
0.000648236984
0.000705540097
0.000767908714
0.000835790615
0.000909673168
0.000990086821
0.00107760891
0.00117286782
0.00127654746
0.00138939221
0.00151221226
0.00164588941
0.0017913834
0.00194973883
0.00212209262
0.00230968221
0.00251385443
0.00273607514
0.0029779398
0.000547215027
0.00059558796
0.000648236984
0.000705540097
0.000767908712
0.000835790613
0.000909673167
0.000990086822
0.00107760891
0.00117286782
0.00127654746
0.00138939221
0.00151221226
0.00164588941
0.0017913834
0.00194973882
0.00212209262
0.00230968221
0.00251385442
0.00273607513
0.000502770885
0.000547215027
0.000595587961
0.000648236984
0.000705540096
0.000767908711
0.000835790613
0.000909673169
0.000990086822
0.00107760891
0.00117286782
0.00127654746
0.00138939221
0.00151221226
0.00164588941
0.00179138339
0.00194973882
0.00212209262
0.00230968221
0.00251385442
0.000461936442
0.000502770884
0.000547215027
0.000595587961
0.000648236983
0.000705540095
0.000767908711
0.000835790614
0.000909673168
0.000990086821
0.00107760891
0.00117286782
0.00127654746
0.00138939221
0.00151221226
0.0016458894
0.00179138339
0.00194973882
0.00212209261
0.00230968221
0.000424418524
0.000461936442
0.000502770886
0.000547215028
0.000595587961
0.000648236983
0.000705540096
0.000767908713
0.000835790616
0.000909673169
0.000990086821
0.00107760891
0.00117286782
0.00127654746
0.00138939221
0.00151221226
0.00164588941
0.0017913834
0.00194973882
0.00212209262
0.000389947765
0.000424418524
0.000461936443
0.000502770886
0.000547215028
0.00059558796
0.000648236983
0.000705540097
0.000767908714
0.000835790616
0.000909673168
0.000990086822
0.00107760891
0.00117286782
0.00127654746
0.00138939221
0.00151221226
0.00164588941
0.0017913834
0.00194973883
0.000358276679
0.000389947765
0.000424418524
0.000461936443
0.000502770885
0.000547215027
0.00059558796
0.000648236984
0.000705540097
0.000767908713
0.000835790614
0.000909673169
0.000990086822
0.00107760891
0.00117286782
0.00127654746
0.00138939221
0.00151221226
0.00164588941
0.0017913834
0.00032917788
0.000358276679
0.000389947765
0.000424418524
0.000461936442
0.000502770884
0.000547215026
0.00059558796
0.000648236983
0.000705540096
0.000767908711
0.000835790613
0.000909673167
0.000990086821
0.00107760891
0.00117286781
0.00127654746
0.00138939221
0.00151221226
0.0016458894
0.000302442451
0.000329177881
0.000358276679
0.000389947765
0.000424418523
0.000461936441
0.000502770884
0.000547215027
0.00059558796
0.000648236983
0.000705540095
0.000767908711
0.000835790613
0.000909673168
0.00099008682
0.00107760891
0.00117286782
0.00127654746
0.00138939221
0.00151221226
0.000277878442
0.000302442452
0.000329177881
0.00035827668
0.000389947765
0.000424418523
0.000461936442
0.000502770885
0.000547215028
0.000595587961
0.000648236983
0.000705540096
0.000767908712
0.000835790615
0.000909673168
0.00099008682
0.00107760891
0.00117286782
0.00127654746
0.00138939221
0.000255309492
0.000277878442
0.000302442453
0.000329177882
0.00035827668
0.000389947765
0.000424418524
0.000461936443
0.000502770886
0.000547215028
0.000595587961
0.000648236984
0.000705540097
0.000767908714
0.000835790616
0.000909673168
0.000990086823
0.00107760892
0.00117286782
0.00127654746
0.000234573564
0.000255309492
0.000277878443
0.000302442453
0.000329177881
0.000358276679
0.000389947765
0.000424418524
0.000461936443
0.000502770886
0.000547215027
0.000595587961
0.000648236984
0.000705540097
0.000767908713
0.000835790614
0.000909673169
0.000990086823
0.00107760891
0.00117286782
0.000215521782
0.000234573563
0.000255309492
0.000277878442
0.000302442452
0.000329177881
0.000358276679
0.000389947765
0.000424418524
0.000461936442
0.000502770884
0.000547215027
0.00059558796
0.000648236984
0.000705540096
0.000767908711
0.000835790614
0.000909673169
0.000990086821
0.00107760891
0.000198017364
0.000215521782
0.000234573564
0.000255309492
0.000277878442
0.000302442451
0.00032917788
0.000358276679
0.000389947765
0.000424418524
0.000461936442
0.000502770885
0.000547215027
0.00059558796
0.000648236983
0.000705540095
0.000767908712
0.000835790615
0.000909673167
0.000990086821
0.00495043411
0.00454836584
0.00417895308
0.00383954356
0.00352770048
0.00324118492
0.0029779398
0.00273607513
0.00251385442
0.00230968221
0.00212209262
0.00194973883
0.0017913834
0.0016458894
0.00151221226
0.00138939221
0.00127654746
0.00117286782
0.00107760891
0.000990086821
0.00454836584
0.00417895307
0.00383954356
0.00352770048
0.00324118491
0.0029779398
0.00273607514
0.00251385442
0.00230968221
0.00212209261
0.00194973882
0.0017913834
0.00164588941
0.00151221226
0.00138939221
0.00127654746
0.00117286782
0.00107760891
0.000990086821
0.000909673167
0.00417895308
0.00383954356
0.00352770049
0.00324118492
0.0029779398
0.00273607514
0.00251385443
0.00230968221
0.00212209262
0.00194973882
0.0017913834
0.00164588941
0.00151221226
0.00138939221
0.00127654746
0.00117286782
0.00107760892
0.000990086823
0.000909673169
0.000835790615
0.00383954356
0.00352770048
0.00324118492
0.0029779398
0.00273607513
0.00251385443
0.00230968221
0.00212209262
0.00194973882
0.00179138339
0.00164588941
0.00151221226
0.00138939221
0.00127654746
0.00117286782
0.00107760891
0.000990086823
0.000909673169
0.000835790614
0.000767908712
0.00352770048
0.00324118491
0.0029779398
0.00273607513
0.00251385442
0.00230968221
0.00212209262
0.00194973882
0.00179138339
0.0016458894
0.00151221226
0.00138939221
0.00127654746
0.00117286781
0.00107760891
0.00099008682
0.000909673168
0.000835790614
0.000767908711
0.000705540095
0.00324118492
0.0029779398
0.00273607514
0.00251385443
0.00230968221
0.00212209262
0.00194973883
0.0017913834
0.00164588941
0.00151221226
0.00138939221
0.00127654746
0.00117286782
0.00107760891
0.00099008682
0.000909673168
0.000835790616
0.000767908713
0.000705540096
0.000648236983
0.0029779398
0.00273607514
0.00251385443
0.00230968221
0.00212209262
0.00194973883
0.0017913834
0.00164588941
0.00151221226
0.00138939221
0.00127654746
0.00117286782
0.00107760891
0.000990086821
0.000909673168
0.000835790615
0.000767908714
0.000705540097
0.000648236984
0.00059558796
0.00273607513
0.00251385442
0.00230968221
0.00212209262
0.00194973882
0.0017913834
0.00164588941
0.00151221226
0.00138939221
0.00127654746
0.00117286782
0.00107760891
0.000990086822
0.000909673167
0.000835790613
0.000767908712
0.000705540097
0.000648236984
0.00059558796
0.000547215027
0.00251385442
0.00230968221
0.00212209262
0.00194973882
0.00179138339
0.00164588941
0.00151221226
0.00138939221
0.00127654746
0.00117286782
0.00107760891
0.000990086822
0.000909673169
0.000835790613
0.000767908711
0.000705540096
0.000648236984
0.000595587961
0.000547215027
0.000502770885
0.00230968221
0.00212209261
0.00194973882
0.00179138339
0.0016458894
0.00151221226
0.00138939221
0.00127654746
0.00117286782
0.00107760891
0.000990086821
0.000909673168
0.000835790614
0.000767908711
0.000705540095
0.000648236983
0.000595587961
0.000547215027
0.000502770884
0.000461936442
0.00212209262
0.00194973882
0.0017913834
0.00164588941
0.00151221226
0.00138939221
0.00127654746
0.00117286782
0.00107760891
0.000990086821
0.000909673169
0.000835790616
0.000767908713
0.000705540096
0.000648236983
0.000595587961
0.000547215028
0.000502770886
0.000461936442
0.000424418524
0.00194973883
0.0017913834
0.00164588941
0.00151221226
0.00138939221
0.00127654746
0.00117286782
0.00107760891
0.000990086822
0.000909673168
0.000835790616
0.000767908714
0.000705540097
0.000648236983
0.00059558796
0.000547215028
0.000502770886
0.000461936443
0.000424418524
0.000389947765
0.0017913834
0.00164588941
0.00151221226
0.00138939221
0.00127654746
0.00117286782
0.00107760891
0.000990086822
0.000909673169
0.000835790614
0.000767908713
0.000705540097
0.000648236984
0.00059558796
0.000547215027
0.000502770885
0.000461936443
0.000424418524
0.000389947765
0.000358276679
0.0016458894
0.00151221226
0.00138939221
0.00127654746
0.00117286781
0.00107760891
0.000990086821
0.000909673167
0.000835790613
0.000767908711
0.000705540096
0.000648236983
0.00059558796
0.000547215026
0.000502770884
0.000461936442
0.000424418524
0.000389947765
0.000358276679
0.00032917788
0.00151221226
0.00138939221
0.00127654746
0.00117286782
0.00107760891
0.00099008682
0.000909673168
0.000835790613
0.000767908711
0.000705540095
0.000648236983
0.00059558796
0.000547215027
0.000502770884
0.000461936441
0.000424418523
0.000389947765
0.000358276679
0.000329177881
0.000302442451
0.00138939221
0.00127654746
0.00117286782
0.00107760891
0.00099008682
0.000909673168
0.000835790615
0.000767908712
0.000705540096
0.000648236983
0.000595587961
0.000547215028
0.000502770885
0.000461936442
0.000424418523
0.000389947765
0.00035827668
0.000329177881
0.000302442452
0.000277878442
0.00127654746
0.00117286782
0.00107760892
0.000990086823
0.000909673168
0.000835790616
0.000767908714
0.000705540097
0.000648236984
0.000595587961
0.000547215028
0.000502770886
0.000461936443
0.000424418524
0.000389947765
0.00035827668
0.000329177882
0.000302442453
0.000277878442
0.000255309492
0.00117286782
0.00107760891
0.000990086823
0.000909673169
0.000835790614
0.000767908713
0.000705540097
0.000648236984
0.000595587961
0.000547215027
0.000502770886
0.000461936443
0.000424418524
0.000389947765
0.000358276679
0.000329177881
0.000302442453
0.000277878443
0.000255309492
0.000234573564
0.00107760891
0.000990086821
0.000909673169
0.000835790614
0.000767908711
0.000705540096
0.000648236984
0.00059558796
0.000547215027
0.000502770884
0.000461936442
0.000424418524
0.000389947765
0.000358276679
0.000329177881
0.000302442452
0.000277878442
0.000255309492
0.000234573563
0.000215521782
0.000990086821
0.000909673167
0.000835790615
0.000767908712
0.000705540095
0.000648236983
0.00059558796
0.000547215027
0.000502770885
0.000461936442
0.000424418524
0.000389947765
0.000358276679
0.00032917788
0.000302442451
0.000277878442
0.000255309492
0.000234573564
0.000215521782
0.000198017364
)
;
    }
    lowerWall
    {
        type            calculated;
        value           nonuniform List<scalar> 
40
(
0.000198017364
0.000215521782
0.000234573564
0.000255309492
0.000277878442
0.000302442451
0.00032917788
0.000358276679
0.000389947765
0.000424418524
0.000461936442
0.000502770885
0.000547215027
0.00059558796
0.000648236983
0.000705540095
0.000767908712
0.000835790615
0.000909673167
0.000990086821
0.000990086821
0.000909673167
0.000835790615
0.000767908712
0.000705540095
0.000648236983
0.00059558796
0.000547215027
0.000502770885
0.000461936442
0.000424418524
0.000389947765
0.000358276679
0.00032917788
0.000302442451
0.000277878442
0.000255309492
0.000234573564
0.000215521782
0.000198017364
)
;
    }
    upperWall
    {
        type            calculated;
        value           nonuniform List<scalar> 
40
(
0.000198017364
0.000215521782
0.000234573564
0.000255309492
0.000277878442
0.000302442451
0.00032917788
0.000358276679
0.000389947765
0.000424418524
0.000461936442
0.000502770885
0.000547215027
0.00059558796
0.000648236983
0.000705540095
0.000767908712
0.000835790615
0.000909673167
0.000990086821
0.000990086821
0.000909673167
0.000835790615
0.000767908712
0.000705540095
0.000648236983
0.00059558796
0.000547215027
0.000502770885
0.000461936442
0.000424418524
0.000389947765
0.000358276679
0.00032917788
0.000302442451
0.000277878442
0.000255309492
0.000234573564
0.000215521782
0.000198017364
)
;
    }
    leftWall
    {
        type            calculated;
        value           nonuniform List<scalar> 
40
(
0.000198017364
0.000215521782
0.000234573564
0.000255309492
0.000277878442
0.000302442451
0.00032917788
0.000358276679
0.000389947765
0.000424418524
0.000461936442
0.000502770885
0.000547215027
0.00059558796
0.000648236983
0.000705540095
0.000767908712
0.000835790615
0.000909673167
0.000990086821
0.000990086821
0.000909673167
0.000835790615
0.000767908712
0.000705540095
0.000648236983
0.00059558796
0.000547215027
0.000502770885
0.000461936442
0.000424418524
0.000389947765
0.000358276679
0.00032917788
0.000302442451
0.000277878442
0.000255309492
0.000234573564
0.000215521782
0.000198017364
)
;
    }
    rightWall
    {
        type            calculated;
        value           nonuniform List<scalar> 
40
(
0.000198017364
0.000215521782
0.000234573564
0.000255309492
0.000277878442
0.000302442451
0.00032917788
0.000358276679
0.000389947765
0.000424418524
0.000461936442
0.000502770885
0.000547215027
0.00059558796
0.000648236983
0.000705540095
0.000767908712
0.000835790615
0.000909673167
0.000990086821
0.000990086821
0.000909673167
0.000835790615
0.000767908712
0.000705540095
0.000648236983
0.00059558796
0.000547215027
0.000502770885
0.000461936442
0.000424418524
0.000389947765
0.000358276679
0.00032917788
0.000302442451
0.000277878442
0.000255309492
0.000234573564
0.000215521782
0.000198017364
)
;
    }
}


// ************************************************************************* //
