0.0018349471 0.0072056468
0.005599258 0.066454429
0.0095572608 0.19219726
0.013718922 0.39277124
0.01809472 0.67586417
0.022695674  1.0469399
0.027533369  1.5072269
0.032619987  2.0516166
0.037968336  2.6670695
0.043591883  3.3322289
0.049504788  4.0187103
0.05572194  4.6940682
0.062258995  5.3257867
0.069132413  5.8853504
 0.0763595  6.3513869
0.083958457  6.7113101
0.091948415  6.9613466
 0.1003495  7.1052727
0.10918285  7.1523974
0.11847073   7.115417
0.12823651  7.0085079
0.13850478  6.8458623
0.14930141  6.6407246
0.16065358  6.4048802
0.17258987  6.1483746
0.18514034   5.879398
0.19833659  5.6044748
0.21221185   5.328754
0.22680106  5.0562766
0.24214095  4.7900288
0.25827016   4.531756
0.27522929  4.2820828
0.29306105  4.0410873
0.31181034  3.8088045
0.33152437  3.5847976
0.35225278  3.3683791
0.37404776  3.1601704
 0.3969642  2.9617006
0.42105981  2.7732349
0.44639524   2.594437
0.47303431  2.4245299
0.50104409  2.2622063
 0.5304951  2.1062025
 0.5614615  1.9550303
0.59402128  1.8072123
0.62825641  1.6632546
0.66425311  1.5255223
0.70210201  1.3959674
0.74189841  1.2762026
0.78374253  1.1669153
0.82773973  1.0686202
 0.8740008 0.98448143
0.92264222 0.92085309
0.97378647  0.8857774
