0.0018349471  3.3635999
0.005599258  3.3621861
0.0095572608  3.3611391
0.013718922  3.3609306
0.01809472  3.3616043
0.022695674  3.3631864
0.027533369  3.3657356
0.032619987  3.3693096
0.037968336  3.3739469
0.043591883  3.3796582
0.049504788  3.3864219
0.05572194   3.394184
0.062258995  3.4028581
0.069132413  3.4123203
 0.0763595  3.4224079
0.083958457  3.4329248
0.091948415  3.4436467
 0.1003495  3.4543263
0.10918285  3.4646988
0.11847073  3.4744817
0.12823651   3.483376
0.13850478  3.4910706
0.14930141  3.4972451
0.16065358  3.5015661
0.17258987  3.5036948
0.18514034  3.5033024
0.19833659   3.500061
0.21221185  3.4936507
0.22680106    3.48378
0.24214095  3.4701981
0.25827016  3.4526965
0.27522929  3.4311237
0.29306105  3.4053966
0.31181034  3.3754641
0.33152437  3.3413053
0.35225278  3.3028986
0.37404776  3.2601869
 0.3969642  3.2132685
0.42105981  3.1626518
0.44639524   3.109236
0.47303431  3.0539851
0.50104409  2.9976507
 0.5304951  2.9407769
 0.5614615  2.8839579
0.59402128  2.8280005
0.62825641  2.7737247
0.66425311  2.7217172
0.70210201  2.6724771
0.74189841  2.6266446
0.78374253  2.5850934
0.82773973  2.5489701
 0.8740008  2.5195969
0.92264222   2.498379
0.97378647  2.4869683
