0.0018349471 0.11539816
0.005599258 0.35217992
0.0095572608   0.601072
0.013718922 0.86193978
0.01809472  1.1337984
0.022695674   1.414557
0.027533369  1.7008259
0.032619987  1.9878774
0.037968336    2.26983
0.043591883  2.5400804
0.049504788  2.7919236
0.05572194  3.0192518
0.062258995  3.2171664
0.069132413   3.382402
 0.0763595  3.5134869
0.083958457   3.610658
0.091948415  3.6755845
 0.1003495  3.7109844
0.10918285  3.7202134
0.11847073  3.7069043
0.12823651  3.6746842
0.13850478  3.6269783
0.14930141  3.5668965
0.16065358  3.4971882
0.17258987  3.4202176
0.18514034  3.3379516
0.19833659  3.2520135
0.21221185  3.1637519
0.22680106  3.0742982
0.24214095  2.9845549
0.25827016  2.8951091
0.27522929   2.806234
0.29306105  2.7180547
0.31181034  2.6307115
0.33152437   2.544184
0.35225278  2.4583348
0.37404776  2.3735145
 0.3969642  2.2904978
0.42105981  2.2095675
0.44639524  2.1307529
0.47303431  2.0539287
0.50104409  1.9787737
 0.5304951  1.9048409
 0.5614615  1.8313699
0.59402128  1.7574396
0.62825641   1.683018
0.66425311   1.609085
0.70210201  1.5365889
0.74189841  1.4665119
0.78374253  1.3993803
0.82773973  1.3358295
 0.8740008  1.2787089
0.92264222  1.2337016
0.97378647     1.2082
