0.0018349471 0.32438875
0.005599258 0.98732926
0.0095572608  1.6812932
0.013718922  2.4068494
0.01809472  3.1639351
0.022695674  3.9516084
0.027533369  4.7677945
0.032619987  5.6090756
0.037968336  6.4705799
0.043591883  7.3460232
0.049504788  8.2279317
0.05572194  9.1080431
0.062258995  9.9778357
0.069132413  10.829114
 0.0763595  11.654547
0.083958457  12.448082
0.091948415  13.205179
 0.1003495   13.92288
0.10918285  14.599706
0.11847073  15.235441
0.12823651  15.830861
0.13850478  16.387451
0.14930141   16.90714
0.16065358  17.392115
0.17258987  17.844687
0.18514034  18.267193
0.19833659  18.661941
0.21221185  19.031178
0.22680106   19.37706
0.24214095  19.701628
0.25827016  20.006827
0.27522929  20.294536
0.29306105  20.566614
0.31181034  20.824913
0.33152437  21.071284
0.35225278  21.307492
0.37404776  21.534934
 0.3969642  21.754398
0.42105981   21.96636
0.44639524  22.171432
0.47303431  22.370283
0.50104409  22.563045
 0.5304951  22.749225
 0.5614615   22.92831
0.59402128  23.100131
0.62825641  23.264522
0.66425311  23.420858
0.70210201  23.568206
0.74189841  23.705377
0.78374253  23.830076
0.82773973  23.938894
 0.8740008  24.027607
0.92264222  24.091541
0.97378647  24.125969
