0.0018349471 -4.4588254e-06
0.005599258 -0.00019613912
0.0095572608 -0.0010215702
0.013718922 -0.0031076405
0.01809472 -0.0072219616
0.022695674 -0.014256903
0.027533369 -0.025165695
0.032619987 -0.040846705
0.037968336 -0.061998061
0.043591883 -0.088973453
0.049504788 -0.12167202
0.05572194 -0.15949957
0.062258995 -0.20141116
0.069132413 -0.24603225
 0.0763595 -0.29182714
0.083958457 -0.33727507
0.091948415 -0.38101745
 0.1003495 -0.42195773
0.10918285 -0.45930705
0.11847073 -0.49258112
0.12823651 -0.52156524
0.13850478  -0.546258
0.14930141 -0.56680733
0.16065358 -0.58344426
0.17258987 -0.59644204
0.18514034 -0.60607927
0.19833659 -0.61261488
0.21221185 -0.61629219
0.22680106 -0.61733287
0.24214095 -0.6159375
0.25827016 -0.6122726
0.27522929 -0.60646005
0.29306105 -0.59858046
0.31181034 -0.5886772
0.33152437 -0.57679646
0.35225278 -0.56304106
0.37404776 -0.54760358
 0.3969642 -0.53058604
0.42105981 -0.5119222
0.44639524 -0.49154045
0.47303431 -0.46945439
0.50104409 -0.44581446
 0.5304951 -0.42070576
 0.5614615 -0.39397176
0.59402128 -0.36546412
0.62825641 -0.33517568
0.66425311 -0.30313873
0.70210201 -0.26918187
0.74189841 -0.23326076
0.78374253 -0.19542847
0.82773973 -0.15568511
 0.8740008 -0.11393947
0.92264222 -0.070013736
0.97378647 -0.023733881
