0.0018349471 0.00019775462
0.005599258 0.0017668675
0.0095572608 0.0048196413
0.013718922 0.0094239581
0.01809472 0.015529561
0.022695674 0.023101925
0.027533369 0.032113254
0.032619987 0.042526063
0.037968336 0.054289346
0.043591883 0.067339948
0.049504788 0.081603218
0.05572194 0.096995371
0.062258995 0.11342599
0.069132413 0.13079994
 0.0763595 0.14901842
0.083958457 0.16797825
0.091948415 0.18757021
 0.1003495 0.20767777
0.10918285 0.22817615
0.11847073 0.24893208
0.12823651 0.26980675
0.13850478 0.29065691
0.14930141 0.31133595
0.16065358 0.33169484
0.17258987 0.35158663
0.18514034 0.37086677
0.19833659 0.38939062
0.21221185 0.40701291
0.22680106 0.42358448
0.24214095 0.43895513
0.25827016 0.45298007
0.27522929 0.46553207
0.29306105 0.47650802
0.31181034 0.48582208
0.33152437 0.49342095
0.35225278   0.499264
0.37404776 0.50330963
 0.3969642 0.50550258
0.42105981 0.50580147
0.44639524 0.50420304
0.47303431 0.50075035
0.50104409 0.49556515
 0.5304951 0.48880492
 0.5614615 0.48066143
0.59402128 0.47139252
0.62825641 0.46126741
0.66425311 0.45052718
0.70210201 0.43942644
0.74189841 0.42825147
0.78374253 0.41737433
0.82773973 0.40726699
 0.8740008 0.39852667
0.92264222 0.39187623
0.97378647 0.38817367
