0.0018349471 0.033083508
0.005599258 0.094207421
0.0095572608 0.15193336
0.013718922 0.20618801
0.01809472 0.25688178
0.022695674 0.30393167
0.027533369 0.34729482
0.032619987 0.38699883
0.037968336 0.42315882
0.043591883  0.4559769
0.049504788 0.48572013
0.05572194 0.51268575
0.062258995  0.5371668
0.069132413 0.55941816
 0.0763595 0.57963516
0.083958457 0.59795646
0.091948415  0.6144829
 0.1003495 0.62929307
0.10918285 0.64245044
0.11847073 0.65400857
0.12823651 0.66401542
0.13850478 0.67251128
0.14930141 0.67953529
0.16065358 0.68513769
0.17258987 0.68938223
0.18514034  0.6923387
0.19833659 0.69406962
0.21221185 0.69463816
0.22680106 0.69413245
0.24214095 0.69268171
0.25827016 0.69040885
0.27522929 0.68738356
0.29306105 0.68358859
0.31181034 0.67892762
0.33152437 0.67324487
0.35225278   0.666396
0.37404776  0.6583687
 0.3969642 0.64922131
0.42105981 0.63909782
0.44639524 0.62812842
0.47303431 0.61618646
0.50104409 0.60272924
 0.5304951  0.5874144
 0.5614615 0.57018354
0.59402128 0.55101715
0.62825641 0.53027549
0.66425311 0.50883718
0.70210201 0.48757941
0.74189841 0.46727808
0.78374253 0.44873618
0.82773973 0.43235819
 0.8740008 0.41838125
0.92264222 0.40757756
0.97378647 0.40140849
