/*--------------------------------*- C++ -*----------------------------------*\
| =========                 |                                                 |
| \\      /  F ield         | OpenFOAM: The Open Source CFD Toolbox           |
|  \\    /   O peration     | Version:  2012                                  |
|   \\  /    A nd           | Website:  www.openfoam.com                      |
|    \\/     M anipulation  |                                                 |
\*---------------------------------------------------------------------------*/
FoamFile
{
    version     2.0;
    format      ascii;
    class       volVectorField;
    location    "0";
    object      U;
}
// * * * * * * * * * * * * * * * * * * * * * * * * * * * * * * * * * * * * * //

dimensions      [0 1 -1 0 0 0 0];


internalField   nonuniform List<vector> 
4225
(
(0.0478639 -0.0478639 0)
(0.143152 -0.0474243 0)
(0.237126 -0.0465491 0)
(0.328921 -0.0452463 0)
(0.417695 -0.043528 0)
(0.502633 -0.0414098 0)
(0.582954 -0.0389113 0)
(0.657921 -0.0360554 0)
(0.726845 -0.0328684 0)
(0.789093 -0.0293794 0)
(0.844093 -0.0256206 0)
(0.89134 -0.0216265 0)
(0.9304 -0.0174338 0)
(0.960915 -0.0130809 0)
(0.982604 -0.00860785 0)
(0.995267 -0.00405575 0)
(0.998789 0.000533596 0)
(0.993138 0.00511804 0)
(0.978364 0.00965548 0)
(0.954604 0.0141042 0)
(0.922077 0.0184234 0)
(0.88108 0.0225734 0)
(0.83199 0.0265161 0)
(0.775259 0.0302152 0)
(0.711407 0.0336368 0)
(0.641021 0.0367494 0)
(0.564747 0.0395245 0)
(0.483286 0.0419365 0)
(0.397386 0.0439634 0)
(0.307836 0.0455865 0)
(0.215459 0.0467909 0)
(0.121102 0.0475655 0)
(0.0256338 0.0479032 0)
(-0.0700703 0.0478009 0)
(-0.165131 0.0472596 0)
(-0.258675 0.0462842 0)
(-0.349843 0.0448837 0)
(-0.437797 0.0430709 0)
(-0.521731 0.0408626 0)
(-0.600872 0.0382789 0)
(-0.674495 0.0353436 0)
(-0.741922 0.0320837 0)
(-0.802535 0.0285291 0)
(-0.855776 0.0247125 0)
(-0.901158 0.0206689 0)
(-0.938262 0.0164354 0)
(-0.966749 0.012051 0)
(-0.986356 0.00755594 0)
(-0.996903 0.00299145 0)
(-0.998294 -0.00160052 0)
(-0.990516 -0.00617779 0)
(-0.973639 -0.0106983 0)
(-0.947821 -0.0151206 0)
(-0.913296 -0.019404 0)
(-0.870383 -0.0235091 0)
(-0.819475 -0.0273984 0)
(-0.761041 -0.0310359 0)
(-0.695617 -0.0343885 0)
(-0.623803 -0.0374251 0)
(-0.54626 -0.040118 0)
(-0.463699 -0.0424425 0)
(-0.37688 -0.0443771 0)
(-0.286599 -0.0459041 0)
(-0.193685 -0.0470095 0)
(-0.0989928 -0.0476831 0)
(0.0474243 -0.143152 0)
(0.141837 -0.141837 0)
(0.234948 -0.13922 0)
(0.3259 -0.135323 0)
(0.413859 -0.130184 0)
(0.498016 -0.123849 0)
(0.5776 -0.116377 0)
(0.651878 -0.107835 0)
(0.720169 -0.0983033 0)
(0.781845 -0.0878685 0)
(0.83634 -0.0766266 0)
(0.883153 -0.0646809 0)
(0.921855 -0.0521412 0)
(0.952089 -0.0391225 0)
(0.973578 -0.0257445 0)
(0.986126 -0.01213 0)
(0.989616 0.00159589 0)
(0.984016 0.0153071 0)
(0.969378 0.0288777 0)
(0.945836 0.0421831 0)
(0.913608 0.0551011 0)
(0.872987 0.0675129 0)
(0.824349 0.0793047 0)
(0.768138 0.090368 0)
(0.704873 0.100601 0)
(0.635133 0.109911 0)
(0.55956 0.11821 0)
(0.478847 0.125424 0)
(0.393736 0.131486 0)
(0.305009 0.136341 0)
(0.21348 0.139943 0)
(0.11999 0.14226 0)
(0.0253984 0.14327 0)
(-0.0694267 0.142964 0)
(-0.163614 0.141345 0)
(-0.256299 0.138428 0)
(-0.346629 0.134239 0)
(-0.433776 0.128817 0)
(-0.516939 0.122212 0)
(-0.595353 0.114485 0)
(-0.668299 0.105706 0)
(-0.735107 0.0959564 0)
(-0.795164 0.0853253 0)
(-0.847916 0.0739105 0)
(-0.892881 0.0618168 0)
(-0.929644 0.0491554 0)
(-0.957869 0.0360424 0)
(-0.977296 0.0225984 0)
(-0.987747 0.00894687 0)
(-0.989125 -0.00478687 0)
(-0.981418 -0.0184766 0)
(-0.964697 -0.0319967 0)
(-0.939115 -0.0452229 0)
(-0.904907 -0.0580337 0)
(-0.862389 -0.0703115 0)
(-0.811949 -0.0819434 0)
(-0.754051 -0.0928228 0)
(-0.689228 -0.10285 0)
(-0.618074 -0.111932 0)
(-0.541243 -0.119986 0)
(-0.45944 -0.126938 0)
(-0.373418 -0.132724 0)
(-0.283966 -0.137291 0)
(-0.191906 -0.140597 0)
(-0.0980835 -0.142611 0)
(0.0465491 -0.237126 0)
(0.13922 -0.234948 0)
(0.230612 -0.230612 0)
(0.319885 -0.224158 0)
(0.406221 -0.215645 0)
(0.488826 -0.205151 0)
(0.56694 -0.192773 0)
(0.639848 -0.178624 0)
(0.706878 -0.162835 0)
(0.767416 -0.14555 0)
(0.820905 -0.126929 0)
(0.866854 -0.107141 0)
(0.904842 -0.0863697 0)
(0.934518 -0.0648048 0)
(0.955611 -0.0426446 0)
(0.967927 -0.0200928 0)
(0.971352 0.00264352 0)
(0.965856 0.0253556 0)
(0.951488 0.0478348 0)
(0.928381 0.0698746 0)
(0.896747 0.0912726 0)
(0.856876 0.111832 0)
(0.809135 0.131365 0)
(0.753962 0.149691 0)
(0.691865 0.166642 0)
(0.623412 0.182062 0)
(0.549233 0.195811 0)
(0.47001 0.20776 0)
(0.38647 0.217802 0)
(0.29938 0.225843 0)
(0.20954 0.231809 0)
(0.117776 0.235647 0)
(0.0249296 0.23732 0)
(-0.0681454 0.236813 0)
(-0.160595 0.234132 0)
(-0.251569 0.229299 0)
(-0.340232 0.222361 0)
(-0.425771 0.21338 0)
(-0.507399 0.20244 0)
(-0.584366 0.18964 0)
(-0.655966 0.175098 0)
(-0.721541 0.158948 0)
(-0.780489 0.141338 0)
(-0.832268 0.12243 0)
(-0.876403 0.102397 0)
(-0.912488 0.0814238 0)
(-0.940192 0.0597028 0)
(-0.95926 0.0374334 0)
(-0.969518 0.0148201 0)
(-0.97087 -0.00792925 0)
(-0.963306 -0.0306058 0)
(-0.946893 -0.0530012 0)
(-0.921784 -0.0749098 0)
(-0.888207 -0.0961304 0)
(-0.846473 -0.116468 0)
(-0.796964 -0.135736 0)
(-0.740135 -0.153757 0)
(-0.676508 -0.170366 0)
(-0.606667 -0.18541 0)
(-0.531254 -0.198751 0)
(-0.450962 -0.210267 0)
(-0.366527 -0.219851 0)
(-0.278726 -0.227416 0)
(-0.188365 -0.232892 0)
(-0.0962734 -0.236229 0)
(0.0452463 -0.328921 0)
(0.135323 -0.3259 0)
(0.224158 -0.319885 0)
(0.310933 -0.310933 0)
(0.394852 -0.299124 0)
(0.475145 -0.284568 0)
(0.551073 -0.267399 0)
(0.62194 -0.247773 0)
(0.687095 -0.225872 0)
(0.745938 -0.201896 0)
(0.797931 -0.176065 0)
(0.842594 -0.148617 0)
(0.879518 -0.119805 0)
(0.908364 -0.0898918 0)
(0.928866 -0.0591531 0)
(0.940838 -0.0278711 0)
(0.944167 0.00366687 0)
(0.938825 0.0351712 0)
(0.924859 0.0663525 0)
(0.902399 0.0969243 0)
(0.87165 0.126606 0)
(0.832895 0.155125 0)
(0.78649 0.182219 0)
(0.732861 0.207639 0)
(0.672501 0.231152 0)
(0.605965 0.252542 0)
(0.533862 0.271612 0)
(0.456856 0.288188 0)
(0.375654 0.302117 0)
(0.291001 0.313271 0)
(0.203676 0.321547 0)
(0.11448 0.32687 0)
(0.0242319 0.329191 0)
(-0.0662383 0.328488 0)
(-0.1561 0.324768 0)
(-0.244528 0.318065 0)
(-0.33071 0.308441 0)
(-0.413855 0.295984 0)
(-0.493198 0.280808 0)
(-0.568011 0.263053 0)
(-0.637608 0.242881 0)
(-0.701347 0.220479 0)
(-0.758645 0.196052 0)
(-0.808975 0.169824 0)
(-0.851875 0.142037 0)
(-0.88695 0.112944 0)
(-0.913879 0.0828147 0)
(-0.932413 0.0519245 0)
(-0.942384 0.0205572 0)
(-0.943699 -0.0109988 0)
(-0.936346 -0.0424538 0)
(-0.920393 -0.0735189 0)
(-0.895986 -0.103909 0)
(-0.863349 -0.133344 0)
(-0.822783 -0.161555 0)
(-0.77466 -0.188282 0)
(-0.719421 -0.213279 0)
(-0.657575 -0.236318 0)
(-0.589688 -0.257185 0)
(-0.516386 -0.275691 0)
(-0.43834 -0.291665 0)
(-0.356269 -0.304959 0)
(-0.270925 -0.315453 0)
(-0.183093 -0.323049 0)
(-0.093579 -0.327678 0)
(0.043528 -0.417695 0)
(0.130184 -0.413859 0)
(0.215645 -0.406221 0)
(0.299124 -0.394852 0)
(0.379857 -0.379857 0)
(0.4571 -0.361372 0)
(0.530145 -0.339568 0)
(0.598321 -0.314646 0)
(0.661001 -0.286833 0)
(0.717609 -0.256386 0)
(0.767627 -0.223584 0)
(0.810594 -0.188729 0)
(0.846116 -0.15214 0)
(0.873866 -0.114153 0)
(0.89359 -0.0751183 0)
(0.905107 -0.0353934 0)
(0.90831 0.00465654 0)
(0.90317 0.0446637 0)
(0.889735 0.0842607 0)
(0.868128 0.123084 0)
(0.838547 0.160776 0)
(0.801264 0.196992 0)
(0.756621 0.231398 0)
(0.705029 0.26368 0)
(0.646961 0.293539 0)
(0.582952 0.320702 0)
(0.513587 0.344919 0)
(0.439506 0.365969 0)
(0.361387 0.383657 0)
(0.27995 0.397821 0)
(0.195941 0.408331 0)
(0.110132 0.415091 0)
(0.0233117 0.418038 0)
(-0.0637227 0.417145 0)
(-0.150172 0.412421 0)
(-0.235242 0.403909 0)
(-0.318151 0.391688 0)
(-0.398138 0.375868 0)
(-0.474468 0.356596 0)
(-0.54644 0.334049 0)
(-0.613393 0.308434 0)
(-0.674712 0.279986 0)
(-0.729834 0.248966 0)
(-0.778252 0.215659 0)
(-0.819523 0.180372 0)
(-0.853266 0.143428 0)
(-0.879172 0.105166 0)
(-0.897003 0.0659386 0)
(-0.906594 0.0261055 0)
(-0.907859 -0.0139673 0)
(-0.900786 -0.0539119 0)
(-0.885438 -0.0933613 0)
(-0.861958 -0.131953 0)
(-0.830561 -0.169333 0)
(-0.791536 -0.205158 0)
(-0.74524 -0.239098 0)
(-0.692099 -0.270842 0)
(-0.632601 -0.300099 0)
(-0.567293 -0.326599 0)
(-0.496775 -0.350099 0)
(-0.421693 -0.370384 0)
(-0.342739 -0.387266 0)
(-0.260636 -0.400592 0)
(-0.176139 -0.410239 0)
(-0.0900251 -0.416117 0)
(0.0414098 -0.502633 0)
(0.123849 -0.498016 0)
(0.205151 -0.488826 0)
(0.284568 -0.475145 0)
(0.361372 -0.4571 0)
(0.434857 -0.434857 0)
(0.504347 -0.408619 0)
(0.569205 -0.378629 0)
(0.628835 -0.345161 0)
(0.682689 -0.308522 0)
(0.730273 -0.26905 0)
(0.771149 -0.227106 0)
(0.804943 -0.183077 0)
(0.831343 -0.137366 0)
(0.850107 -0.0903935 0)
(0.861063 -0.0425906 0)
(0.86411 0.00560345 0)
(0.85922 0.053746 0)
(0.846439 0.101395 0)
(0.825883 0.148113 0)
(0.797742 0.19347 0)
(0.762273 0.23705 0)
(0.719803 0.278453 0)
(0.670721 0.317298 0)
(0.615479 0.353229 0)
(0.554584 0.385916 0)
(0.488595 0.415058 0)
(0.418119 0.440388 0)
(0.343802 0.461673 0)
(0.266327 0.478717 0)
(0.186406 0.491365 0)
(0.104773 0.499499 0)
(0.0221773 0.503045 0)
(-0.0606218 0.501971 0)
(-0.142864 0.496287 0)
(-0.223794 0.486044 0)
(-0.302669 0.471337 0)
(-0.378763 0.4523 0)
(-0.451379 0.42911 0)
(-0.519849 0.401978 0)
(-0.583544 0.371154 0)
(-0.641879 0.33692 0)
(-0.694319 0.299593 0)
(-0.740381 0.259513 0)
(-0.779643 0.21705 0)
(-0.811744 0.172593 0)
(-0.83639 0.126551 0)
(-0.853353 0.0793472 0)
(-0.862478 0.0314141 0)
(-0.863681 -0.0168076 0)
(-0.856952 -0.0648748 0)
(-0.842351 -0.112346 0)
(-0.820014 -0.158786 0)
(-0.790145 -0.203767 0)
(-0.753018 -0.246876 0)
(-0.708975 -0.287718 0)
(-0.65842 -0.325917 0)
(-0.601818 -0.361123 0)
(-0.539688 -0.393012 0)
(-0.472601 -0.421291 0)
(-0.401173 -0.445701 0)
(-0.32606 -0.466017 0)
(-0.247953 -0.482052 0)
(-0.167568 -0.49366 0)
(-0.0856443 -0.500734 0)
(0.0389113 -0.582954 0)
(0.116377 -0.5776 0)
(0.192773 -0.56694 0)
(0.267399 -0.551073 0)
(0.339568 -0.530145 0)
(0.408619 -0.504347 0)
(0.473917 -0.473917 0)
(0.534862 -0.439134 0)
(0.590894 -0.400317 0)
(0.641499 -0.357824 0)
(0.686211 -0.312044 0)
(0.724621 -0.263398 0)
(0.756376 -0.212333 0)
(0.781183 -0.159317 0)
(0.798815 -0.104838 0)
(0.80911 -0.0493966 0)
(0.811973 0.00649888 0)
(0.807379 0.0623347 0)
(0.795368 0.117598 0)
(0.776053 0.171781 0)
(0.749609 0.224387 0)
(0.71628 0.274931 0)
(0.676373 0.32295 0)
(0.630253 0.368003 0)
(0.578344 0.409676 0)
(0.521123 0.447586 0)
(0.459115 0.481385 0)
(0.392891 0.510762 0)
(0.323058 0.535448 0)
(0.250258 0.555217 0)
(0.175159 0.569885 0)
(0.0984512 0.579319 0)
(0.0208392 0.583432 0)
(-0.0569642 0.582187 0)
(-0.134244 0.575594 0)
(-0.210291 0.563714 0)
(-0.284407 0.546657 0)
(-0.35591 0.524578 0)
(-0.424145 0.497682 0)
(-0.488483 0.466214 0)
(-0.548335 0.430464 0)
(-0.603151 0.390761 0)
(-0.652427 0.347468 0)
(-0.69571 0.300984 0)
(-0.732603 0.251735 0)
(-0.762767 0.200174 0)
(-0.785925 0.146774 0)
(-0.801865 0.0920269 0)
(-0.81044 0.0364341 0)
(-0.81157 -0.0194934 0)
(-0.805247 -0.0752419 0)
(-0.791527 -0.130299 0)
(-0.770538 -0.18416 0)
(-0.742471 -0.236329 0)
(-0.707584 -0.286327 0)
(-0.666199 -0.333696 0)
(-0.618694 -0.377999 0)
(-0.565507 -0.418831 0)
(-0.507125 -0.455816 0)
(-0.444086 -0.488614 0)
(-0.376968 -0.516924 0)
(-0.306387 -0.540486 0)
(-0.232993 -0.559084 0)
(-0.157458 -0.572547 0)
(-0.0804769 -0.580751 0)
(0.0360554 -0.657921 0)
(0.107835 -0.651878 0)
(0.178624 -0.639848 0)
(0.247773 -0.62194 0)
(0.314646 -0.598321 0)
(0.378629 -0.569205 0)
(0.439134 -0.534862 0)
(0.495606 -0.495606 0)
(0.547525 -0.451798 0)
(0.594416 -0.40384 0)
(0.635847 -0.352172 0)
(0.671438 -0.297271 0)
(0.700862 -0.239638 0)
(0.723848 -0.179805 0)
(0.740186 -0.11832 0)
(0.749725 -0.0557489 0)
(0.752379 0.00733462 0)
(0.748121 0.0703508 0)
(0.736993 0.132721 0)
(0.719095 0.193872 0)
(0.694592 0.253242 0)
(0.663709 0.310286 0)
(0.626731 0.364481 0)
(0.583995 0.415327 0)
(0.535896 0.462359 0)
(0.482875 0.505144 0)
(0.425419 0.54329 0)
(0.364055 0.576445 0)
(0.299347 0.604306 0)
(0.23189 0.626616 0)
(0.162303 0.643171 0)
(0.0912254 0.653819 0)
(0.0193097 0.658461 0)
(-0.0527833 0.657055 0)
(-0.124391 0.649614 0)
(-0.194857 0.636207 0)
(-0.263533 0.616956 0)
(-0.329788 0.592038 0)
(-0.393015 0.561683 0)
(-0.452631 0.526168 0)
(-0.50809 0.485821 0)
(-0.558883 0.441012 0)
(-0.604542 0.392151 0)
(-0.644648 0.339689 0)
(-0.678834 0.284107 0)
(-0.706784 0.225916 0)
(-0.728243 0.165649 0)
(-0.743012 0.103861 0)
(-0.750958 0.0411194 0)
(-0.752005 -0.0220002 0)
(-0.746146 -0.0849178 0)
(-0.733433 -0.147055 0)
(-0.713984 -0.207842 0)
(-0.687977 -0.26672 0)
(-0.655651 -0.323148 0)
(-0.617303 -0.376608 0)
(-0.573285 -0.426609 0)
(-0.524002 -0.472692 0)
(-0.469905 -0.514433 0)
(-0.411493 -0.551449 0)
(-0.3493 -0.5834 0)
(-0.2839 -0.609992 0)
(-0.215892 -0.630982 0)
(-0.145901 -0.646176 0)
(-0.0745703 -0.655435 0)
(0.0328684 -0.726845 0)
(0.0983033 -0.720169 0)
(0.162835 -0.706878 0)
(0.225872 -0.687095 0)
(0.286833 -0.661001 0)
(0.345161 -0.628835 0)
(0.400317 -0.590894 0)
(0.451798 -0.547525 0)
(0.499128 -0.499128 0)
(0.541874 -0.446146 0)
(0.579643 -0.389066 0)
(0.612087 -0.328413 0)
(0.63891 -0.264743 0)
(0.659865 -0.198642 0)
(0.674759 -0.130716 0)
(0.683455 -0.0615892 0)
(0.685873 0.008103 0)
(0.681992 0.0777208 0)
(0.671847 0.146625 0)
(0.655531 0.214182 0)
(0.633195 0.279772 0)
(0.605042 0.342792 0)
(0.571332 0.402664 0)
(0.532374 0.458837 0)
(0.488527 0.510796 0)
(0.440192 0.558063 0)
(0.387815 0.600205 0)
(0.331875 0.636834 0)
(0.272887 0.667613 0)
(0.211393 0.692261 0)
(0.147957 0.71055 0)
(0.0831617 0.722313 0)
(0.0176029 0.727441 0)
(-0.0481176 0.725888 0)
(-0.113396 0.717668 0)
(-0.177633 0.702856 0)
(-0.240239 0.681588 0)
(-0.300637 0.65406 0)
(-0.358275 0.620525 0)
(-0.412622 0.58129 0)
(-0.463179 0.536716 0)
(-0.509481 0.487212 0)
(-0.551105 0.433233 0)
(-0.587666 0.375275 0)
(-0.618829 0.313871 0)
(-0.644309 0.249583 0)
(-0.663871 0.183003 0)
(-0.677335 0.114742 0)
(-0.684578 0.0454271 0)
(-0.685533 -0.024305 0)
(-0.680192 -0.0938138 0)
(-0.668603 -0.162461 0)
(-0.650873 -0.229616 0)
(-0.627165 -0.294662 0)
(-0.597696 -0.357001 0)
(-0.562738 -0.416062 0)
(-0.522611 -0.471301 0)
(-0.477683 -0.522211 0)
(-0.428369 -0.568325 0)
(-0.375119 -0.609218 0)
(-0.318425 -0.644516 0)
(-0.258805 -0.673895 0)
(-0.196809 -0.697083 0)
(-0.133005 -0.713869 0)
(-0.0679788 -0.724098 0)
(0.0293794 -0.789093 0)
(0.0878685 -0.781845 0)
(0.14555 -0.767416 0)
(0.201896 -0.745938 0)
(0.256386 -0.717609 0)
(0.308522 -0.682689 0)
(0.357824 -0.641499 0)
(0.40384 -0.594416 0)
(0.446146 -0.541874 0)
(0.484354 -0.484354 0)
(0.518114 -0.422386 0)
(0.547115 -0.356538 0)
(0.571091 -0.287416 0)
(0.589821 -0.215654 0)
(0.603134 -0.14191 0)
(0.610907 -0.0668638 0)
(0.613069 0.00879695 0)
(0.6096 0.0843769 0)
(0.600531 0.159182 0)
(0.585947 0.232525 0)
(0.565982 0.303732 0)
(0.540817 0.372149 0)
(0.510685 0.437148 0)
(0.475863 0.498133 0)
(0.43667 0.554541 0)
(0.393466 0.605857 0)
(0.346648 0.651607 0)
(0.296647 0.691373 0)
(0.24392 0.724788 0)
(0.188953 0.751547 0)
(0.132251 0.771402 0)
(0.0743341 0.784172 0)
(0.0157343 0.78974 0)
(-0.04301 0.788054 0)
(-0.101359 0.77913 0)
(-0.158778 0.763049 0)
(-0.214737 0.73996 0)
(-0.268725 0.710075 0)
(-0.320244 0.673667 0)
(-0.368822 0.631072 0)
(-0.414013 0.582681 0)
(-0.4554 0.528937 0)
(-0.492605 0.470336 0)
(-0.525286 0.407414 0)
(-0.553141 0.340751 0)
(-0.575916 0.270957 0)
(-0.593402 0.198675 0)
(-0.605437 0.124569 0)
(-0.611911 0.0493175 0)
(-0.612765 -0.0263865 0)
(-0.60799 -0.101848 0)
(-0.597631 -0.176374 0)
(-0.581783 -0.249281 0)
(-0.560592 -0.319897 0)
(-0.534251 -0.387575 0)
(-0.503004 -0.451694 0)
(-0.467136 -0.511664 0)
(-0.426978 -0.566934 0)
(-0.382898 -0.616997 0)
(-0.335301 -0.661393 0)
(-0.284624 -0.699714 0)
(-0.231333 -0.731608 0)
(-0.175918 -0.756782 0)
(-0.118886 -0.775006 0)
(-0.0607629 -0.786111 0)
(0.0256206 -0.844093 0)
(0.0766266 -0.83634 0)
(0.126929 -0.820905 0)
(0.176065 -0.797931 0)
(0.223584 -0.767627 0)
(0.26905 -0.730273 0)
(0.312044 -0.686211 0)
(0.352172 -0.635847 0)
(0.389066 -0.579643 0)
(0.422386 -0.518114 0)
(0.451827 -0.451827 0)
(0.477117 -0.381389 0)
(0.498025 -0.307449 0)
(0.514359 -0.230685 0)
(0.525969 -0.151802 0)
(0.532747 -0.0715242 0)
(0.534633 0.0094101 0)
(0.531608 0.090258 0)
(0.5237 0.170277 0)
(0.510981 0.248732 0)
(0.49357 0.324902 0)
(0.471625 0.398088 0)
(0.445349 0.467618 0)
(0.414981 0.532853 0)
(0.380803 0.593193 0)
(0.343126 0.648085 0)
(0.302298 0.697025 0)
(0.258694 0.739562 0)
(0.212713 0.775306 0)
(0.164779 0.80393 0)
(0.115331 0.825169 0)
(0.0648238 0.838829 0)
(0.0137213 0.844785 0)
(-0.0375073 0.842982 0)
(-0.0883914 0.833435 0)
(-0.138464 0.816234 0)
(-0.187264 0.791536 0)
(-0.234344 0.759567 0)
(-0.279272 0.720622 0)
(-0.321635 0.675058 0)
(-0.361044 0.623294 0)
(-0.397137 0.565805 0)
(-0.429581 0.503118 0)
(-0.458081 0.435811 0)
(-0.482372 0.364501 0)
(-0.502234 0.289843 0)
(-0.517482 0.212523 0)
(-0.527977 0.133251 0)
(-0.533623 0.052755 0)
(-0.534368 -0.0282256 0)
(-0.530204 -0.108947 0)
(-0.521171 -0.188668 0)
(-0.50735 -0.266655 0)
(-0.48887 -0.342194 0)
(-0.465899 -0.41459 0)
(-0.438649 -0.483177 0)
(-0.407371 -0.547327 0)
(-0.37235 -0.606449 0)
(-0.33391 -0.660002 0)
(-0.292403 -0.707492 0)
(-0.248209 -0.748484 0)
(-0.201737 -0.782601 0)
(-0.153411 -0.80953 0)
(-0.103676 -0.829024 0)
(-0.0529889 -0.840903 0)
(0.0216265 -0.89134 0)
(0.0646809 -0.883153 0)
(0.107141 -0.866854 0)
(0.148617 -0.842594 0)
(0.188729 -0.810594 0)
(0.227106 -0.771149 0)
(0.263398 -0.724621 0)
(0.297271 -0.671438 0)
(0.328413 -0.612087 0)
(0.356538 -0.547115 0)
(0.381389 -0.477117 0)
(0.402737 -0.402737 0)
(0.420386 -0.324658 0)
(0.434173 -0.243597 0)
(0.443973 -0.160299 0)
(0.449695 -0.0755277 0)
(0.451286 0.00993682 0)
(0.448733 0.0953101 0)
(0.442058 0.179808 0)
(0.431322 0.262654 0)
(0.416625 0.343088 0)
(0.398101 0.420371 0)
(0.375921 0.493792 0)
(0.350288 0.562678 0)
(0.321438 0.626396 0)
(0.289635 0.684361 0)
(0.255172 0.73604 0)
(0.218365 0.780958 0)
(0.179552 0.818703 0)
(0.139091 0.848929 0)
(0.0973515 0.871357 0)
(0.0547182 0.885782 0)
(0.0115822 0.892071 0)
(-0.0316601 0.890167 0)
(-0.0746116 0.880086 0)
(-0.116878 0.861922 0)
(-0.158071 0.835841 0)
(-0.197811 0.802083 0)
(-0.235735 0.760958 0)
(-0.271494 0.712844 0)
(-0.304759 0.658182 0)
(-0.335225 0.597475 0)
(-0.362612 0.53128 0)
(-0.386668 0.460205 0)
(-0.407173 0.384904 0)
(-0.423938 0.306067 0)
(-0.436809 0.224419 0)
(-0.445668 0.14071 0)
(-0.450434 0.0557079 0)
(-0.451063 -0.0298055 0)
(-0.447548 -0.115045 0)
(-0.439923 -0.199228 0)
(-0.428257 -0.281581 0)
(-0.412658 -0.361348 0)
(-0.393268 -0.437796 0)
(-0.370266 -0.510223 0)
(-0.343864 -0.577963 0)
(-0.314303 -0.640395 0)
(-0.281855 -0.696945 0)
(-0.246819 -0.747093 0)
(-0.209515 -0.790379 0)
(-0.170287 -0.826406 0)
(-0.129495 -0.854843 0)
(-0.0875135 -0.875428 0)
(-0.0447282 -0.887972 0)
(0.0174338 -0.9304 0)
(0.0521412 -0.921855 0)
(0.0863697 -0.904842 0)
(0.119805 -0.879518 0)
(0.15214 -0.846116 0)
(0.183077 -0.804943 0)
(0.212333 -0.756376 0)
(0.239638 -0.700862 0)
(0.264743 -0.63891 0)
(0.287416 -0.571091 0)
(0.307449 -0.498025 0)
(0.324658 -0.420386 0)
(0.338885 -0.338885 0)
(0.35 -0.254272 0)
(0.3579 -0.167323 0)
(0.362512 -0.0788375 0)
(0.363795 0.0103723 0)
(0.361736 0.0994868 0)
(0.356355 0.187687 0)
(0.347701 0.274164 0)
(0.335854 0.358123 0)
(0.320921 0.438792 0)
(0.303041 0.515431 0)
(0.282377 0.587336 0)
(0.25912 0.653846 0)
(0.233483 0.714351 0)
(0.205701 0.768294 0)
(0.17603 0.815181 0)
(0.144742 0.854581 0)
(0.112125 0.886131 0)
(0.0784779 0.909542 0)
(0.0441099 0.924599 0)
(0.00933676 0.931163 0)
(-0.0255221 0.929175 0)
(-0.0601466 0.918653 0)
(-0.0942186 0.899693 0)
(-0.127425 0.872469 0)
(-0.159461 0.837232 0)
(-0.190033 0.794305 0)
(-0.218859 0.744082 0)
(-0.245675 0.687025 0)
(-0.270235 0.623657 0)
(-0.292312 0.554562 0)
(-0.311705 0.480373 0)
(-0.328234 0.401771 0)
(-0.341749 0.319479 0)
(-0.352125 0.234253 0)
(-0.359266 0.146876 0)
(-0.363108 0.0581491 0)
(-0.363615 -0.0311117 0)
(-0.360781 -0.120087 0)
(-0.354635 -0.207959 0)
(-0.34523 -0.293921 0)
(-0.332655 -0.377183 0)
(-0.317025 -0.456981 0)
(-0.298482 -0.532581 0)
(-0.277199 -0.60329 0)
(-0.253369 -0.668458 0)
(-0.227212 -0.727486 0)
(-0.198968 -0.779832 0)
(-0.168896 -0.825015 0)
(-0.137273 -0.862621 0)
(-0.10439 -0.892304 0)
(-0.0705471 -0.913791 0)
(-0.0360567 -0.926884 0)
(0.0130809 -0.960915 0)
(0.0391225 -0.952089 0)
(0.0648048 -0.934518 0)
(0.0898918 -0.908364 0)
(0.114153 -0.873866 0)
(0.137366 -0.831343 0)
(0.159317 -0.781183 0)
(0.179805 -0.723848 0)
(0.198642 -0.659865 0)
(0.215654 -0.589821 0)
(0.230685 -0.514359 0)
(0.243597 -0.434173 0)
(0.254272 -0.35 0)
(0.262611 -0.262611 0)
(0.268539 -0.172811 0)
(0.272 -0.0814231 0)
(0.272962 0.0107125 0)
(0.271418 0.10275 0)
(0.26738 0.193843 0)
(0.260887 0.283156 0)
(0.251997 0.369868 0)
(0.240793 0.453183 0)
(0.227377 0.532336 0)
(0.211873 0.606599 0)
(0.194423 0.675291 0)
(0.175187 0.73778 0)
(0.154341 0.793492 0)
(0.132079 0.841917 0)
(0.108603 0.882609 0)
(0.0841295 0.915193 0)
(0.0588834 0.939372 0)
(0.0330965 0.954923 0)
(0.00700554 0.961703 0)
(-0.0191497 0.95965 0)
(-0.0451291 0.948782 0)
(-0.070694 0.9292 0)
(-0.0956095 0.901084 0)
(-0.119647 0.864691 0)
(-0.142585 0.820356 0)
(-0.164214 0.768486 0)
(-0.184335 0.709557 0)
(-0.202762 0.644112 0)
(-0.219327 0.57275 0)
(-0.233878 0.496127 0)
(-0.24628 0.414948 0)
(-0.256421 0.329958 0)
(-0.264206 0.241936 0)
(-0.269564 0.151693 0)
(-0.272447 0.0600562 0)
(-0.272827 -0.0321321 0)
(-0.270701 -0.124025 0)
(-0.266089 -0.214779 0)
(-0.259033 -0.30356 0)
(-0.249597 -0.389554 0)
(-0.23787 -0.471969 0)
(-0.223957 -0.550049 0)
(-0.207987 -0.623077 0)
(-0.190107 -0.690382 0)
(-0.170481 -0.751346 0)
(-0.149289 -0.805409 0)
(-0.126726 -0.852074 0)
(-0.102999 -0.890913 0)
(-0.0783255 -0.921569 0)
(-0.0529328 -0.943761 0)
(-0.027054 -0.957284 0)
(0.00860785 -0.982604 0)
(0.0257445 -0.973578 0)
(0.0426446 -0.955611 0)
(0.0591531 -0.928866 0)
(0.0751183 -0.89359 0)
(0.0903935 -0.850107 0)
(0.104838 -0.798815 0)
(0.11832 -0.740186 0)
(0.130716 -0.674759 0)
(0.14191 -0.603134 0)
(0.151802 -0.525969 0)
(0.160299 -0.443973 0)
(0.167323 -0.3579 0)
(0.172811 -0.268539 0)
(0.176711 -0.176711 0)
(0.178989 -0.0832609 0)
(0.179622 0.0109542 0)
(0.178606 0.105069 0)
(0.175949 0.198218 0)
(0.171676 0.289547 0)
(0.165826 0.378217 0)
(0.158453 0.463412 0)
(0.149625 0.544351 0)
(0.139423 0.620291 0)
(0.127939 0.690533 0)
(0.115281 0.754432 0)
(0.101564 0.811402 0)
(0.0869141 0.86092 0)
(0.0714659 0.90253 0)
(0.0553612 0.93585 0)
(0.0387481 0.960575 0)
(0.0217791 0.976477 0)
(0.00460998 0.98341 0)
(-0.0126014 0.98131 0)
(-0.0296971 0.970197 0)
(-0.04652 0.950173 0)
(-0.0629157 0.921422 0)
(-0.0787334 0.884208 0)
(-0.093828 0.838872 0)
(-0.108061 0.785831 0)
(-0.121301 0.725573 0)
(-0.133427 0.65865 0)
(-0.144328 0.585677 0)
(-0.153903 0.507325 0)
(-0.162064 0.424314 0)
(-0.168737 0.337405 0)
(-0.17386 0.247397 0)
(-0.177386 0.155117 0)
(-0.179283 0.0614118 0)
(-0.179533 -0.0328573 0)
(-0.178134 -0.126825 0)
(-0.175099 -0.219627 0)
(-0.170456 -0.310412 0)
(-0.164247 -0.398346 0)
(-0.15653 -0.482621 0)
(-0.147374 -0.562464 0)
(-0.136866 -0.63714 0)
(-0.1251 -0.705964 0)
(-0.112185 -0.768304 0)
(-0.0982394 -0.823587 0)
(-0.0833917 -0.871306 0)
(-0.0677781 -0.911022 0)
(-0.0515419 -0.94237 0)
(-0.0348323 -0.965062 0)
(-0.0178029 -0.978891 0)
(0.00405575 -0.995267 0)
(0.01213 -0.986126 0)
(0.0200928 -0.967927 0)
(0.0278711 -0.940838 0)
(0.0353934 -0.905107 0)
(0.0425906 -0.861063 0)
(0.0493966 -0.80911 0)
(0.0557489 -0.749725 0)
(0.0615892 -0.683455 0)
(0.0668638 -0.610907 0)
(0.0715242 -0.532747 0)
(0.0755277 -0.449695 0)
(0.0788375 -0.362512 0)
(0.0814231 -0.272 0)
(0.0832609 -0.178989 0)
(0.084334 -0.084334 0)
(0.0846324 0.0110954 0)
(0.0841535 0.106423 0)
(0.0829017 0.200773 0)
(0.0808884 0.293279 0)
(0.0781322 0.383091 0)
(0.0746583 0.469385 0)
(0.0704987 0.551367 0)
(0.0656916 0.628285 0)
(0.0602811 0.699432 0)
(0.0543169 0.764155 0)
(0.0478539 0.82186 0)
(0.0409513 0.872015 0)
(0.0336725 0.914161 0)
(0.0260845 0.947911 0)
(0.0182569 0.972954 0)
(0.0102616 0.989061 0)
(0.00217208 0.996084 0)
(-0.00593741 0.993957 0)
(-0.0139924 0.982701 0)
(-0.0219188 0.962419 0)
(-0.0296439 0.933297 0)
(-0.0370968 0.895603 0)
(-0.0442089 0.849683 0)
(-0.0509149 0.795959 0)
(-0.0571533 0.734924 0)
(-0.0628668 0.667138 0)
(-0.0680028 0.593225 0)
(-0.0725142 0.513864 0)
(-0.0763596 0.429782 0)
(-0.0795037 0.341753 0)
(-0.0819175 0.250585 0)
(-0.0835789 0.157116 0)
(-0.0844726 0.0622032 0)
(-0.0845905 -0.0332808 0)
(-0.0839314 -0.128459 0)
(-0.0825014 -0.222457 0)
(-0.0803136 -0.314413 0)
(-0.0773882 -0.40348 0)
(-0.0737519 -0.488841 0)
(-0.0694383 -0.569713 0)
(-0.0644868 -0.645351 0)
(-0.0589431 -0.715063 0)
(-0.052858 -0.778206 0)
(-0.0462874 -0.834202 0)
(-0.0392916 -0.882535 0)
(-0.0319349 -0.922763 0)
(-0.024285 -0.954515 0)
(-0.0164119 -0.9775 0)
(-0.00838815 -0.991506 0)
(-0.000533596 -0.998789 0)
(-0.00159589 -0.989616 0)
(-0.00264352 -0.971352 0)
(-0.00366687 -0.944167 0)
(-0.00465654 -0.90831 0)
(-0.00560345 -0.86411 0)
(-0.00649888 -0.811973 0)
(-0.00733462 -0.752379 0)
(-0.008103 -0.685873 0)
(-0.00879695 -0.613069 0)
(-0.0094101 -0.534633 0)
(-0.00993682 -0.451286 0)
(-0.0103723 -0.363795 0)
(-0.0107125 -0.272962 0)
(-0.0109542 -0.179622 0)
(-0.0110954 -0.0846324 0)
(-0.0111347 0.0111347 0)
(-0.0110717 0.1068 0)
(-0.010907 0.201483 0)
(-0.0106421 0.294317 0)
(-0.0102795 0.384447 0)
(-0.00982244 0.471046 0)
(-0.00927518 0.553318 0)
(-0.00864273 0.630508 0)
(-0.0079309 0.701907 0)
(-0.00714622 0.766859 0)
(-0.0062959 0.824768 0)
(-0.00538776 0.875101 0)
(-0.00443013 0.917397 0)
(-0.00343181 0.951266 0)
(-0.00240197 0.976398 0)
(-0.00135007 0.992561 0)
(-0.000285771 0.999609 0)
(0.000781156 0.997475 0)
(0.00184091 0.986179 0)
(0.00288375 0.965825 0)
(0.00390011 0.9366 0)
(0.00488064 0.898773 0)
(0.00581635 0.85269 0)
(0.00669863 0.798776 0)
(0.00751939 0.737525 0)
(0.00827108 0.669499 0)
(0.0089468 0.595325 0)
(0.00954035 0.515682 0)
(0.0100463 0.431303 0)
(0.0104599 0.342963 0)
(0.0107775 0.251472 0)
(0.0109961 0.157672 0)
(0.0111137 0.0624234 0)
(0.0111292 -0.0333985 0)
(0.0110424 -0.128914 0)
(0.0108543 -0.223245 0)
(0.0105665 -0.315525 0)
(0.0101816 -0.404908 0)
(0.00970319 -0.490571 0)
(0.00913566 -0.571729 0)
(0.00848423 -0.647635 0)
(0.00775486 -0.717593 0)
(0.00695427 -0.78096 0)
(0.00608981 -0.837154 0)
(0.00516941 -0.885658 0)
(0.00420153 -0.926028 0)
(0.00319506 -0.957893 0)
(0.00215924 -0.980959 0)
(0.00110359 -0.995015 0)
(-0.00511804 -0.993138 0)
(-0.0153071 -0.984016 0)
(-0.0253556 -0.965856 0)
(-0.0351712 -0.938825 0)
(-0.0446637 -0.90317 0)
(-0.053746 -0.85922 0)
(-0.0623347 -0.807379 0)
(-0.0703508 -0.748121 0)
(-0.0777208 -0.681992 0)
(-0.0843769 -0.6096 0)
(-0.090258 -0.531608 0)
(-0.0953101 -0.448733 0)
(-0.0994868 -0.361736 0)
(-0.10275 -0.271418 0)
(-0.105069 -0.178606 0)
(-0.106423 -0.0841535 0)
(-0.1068 0.0110717 0)
(-0.106195 0.106195 0)
(-0.104615 0.200343 0)
(-0.102075 0.292651 0)
(-0.0985967 0.382271 0)
(-0.094213 0.46838 0)
(-0.0889639 0.550187 0)
(-0.0828977 0.626941 0)
(-0.0760701 0.697936 0)
(-0.0685437 0.76252 0)
(-0.0603878 0.820101 0)
(-0.0516773 0.870149 0)
(-0.0424921 0.912205 0)
(-0.0329166 0.945883 0)
(-0.0230388 0.970873 0)
(-0.0129494 0.986945 0)
(-0.002741 0.993952 0)
(0.00749255 0.99183 0)
(0.0176573 0.980598 0)
(0.0276598 0.96036 0)
(0.0374083 0.9313 0)
(0.0468132 0.893687 0)
(0.0557881 0.847865 0)
(0.0642506 0.794256 0)
(0.072123 0.733351 0)
(0.079333 0.665711 0)
(0.0858142 0.591956 0)
(0.0915073 0.512764 0)
(0.0963599 0.428863 0)
(0.100327 0.341022 0)
(0.103373 0.250049 0)
(0.10547 0.15678 0)
(0.106598 0.0620701 0)
(0.106747 -0.0332096 0)
(0.105915 -0.128184 0)
(0.10411 -0.221981 0)
(0.101349 -0.31374 0)
(0.0976578 -0.402617 0)
(0.0930692 -0.487795 0)
(0.0876257 -0.568494 0)
(0.0813774 -0.643971 0)
(0.0743816 -0.713533 0)
(0.0667026 -0.776541 0)
(0.058411 -0.832417 0)
(0.0495829 -0.880647 0)
(0.0402994 -0.920788 0)
(0.0306457 -0.952472 0)
(0.0207106 -0.975408 0)
(0.0105852 -0.989385 0)
(-0.00965548 -0.978364 0)
(-0.0288777 -0.969378 0)
(-0.0478348 -0.951488 0)
(-0.0663525 -0.924859 0)
(-0.0842607 -0.889735 0)
(-0.101395 -0.846439 0)
(-0.117598 -0.795368 0)
(-0.132721 -0.736993 0)
(-0.146625 -0.671847 0)
(-0.159182 -0.600531 0)
(-0.170277 -0.5237 0)
(-0.179808 -0.442058 0)
(-0.187687 -0.356355 0)
(-0.193843 -0.26738 0)
(-0.198218 -0.175949 0)
(-0.200773 -0.0829017 0)
(-0.201483 0.010907 0)
(-0.200343 0.104615 0)
(-0.197363 0.197363 0)
(-0.19257 0.288298 0)
(-0.186008 0.376585 0)
(-0.177738 0.461413 0)
(-0.167835 0.542003 0)
(-0.156391 0.617614 0)
(-0.143511 0.687553 0)
(-0.129312 0.751177 0)
(-0.113925 0.807902 0)
(-0.0974922 0.857205 0)
(-0.0801638 0.898636 0)
(-0.0620991 0.931812 0)
(-0.043464 0.95643 0)
(-0.0244297 0.972264 0)
(-0.00517105 0.979167 0)
(0.0141351 0.977076 0)
(0.0333115 0.966011 0)
(0.0521818 0.946074 0)
(0.0705729 0.917447 0)
(0.0883158 0.880393 0)
(0.105248 0.835253 0)
(0.121213 0.782441 0)
(0.136064 0.722442 0)
(0.149666 0.655808 0)
(0.161893 0.58315 0)
(0.172634 0.505137 0)
(0.181788 0.422483 0)
(0.189273 0.335949 0)
(0.19502 0.24633 0)
(0.198975 0.154448 0)
(0.201103 0.0611468 0)
(0.201383 -0.0327155 0)
(0.199814 -0.126277 0)
(0.19641 -0.218679 0)
(0.191202 -0.309073 0)
(0.184237 -0.396627 0)
(0.17558 -0.480539 0)
(0.165311 -0.560037 0)
(0.153523 -0.634391 0)
(0.140325 -0.702918 0)
(0.125838 -0.764989 0)
(0.110196 -0.820034 0)
(0.093541 -0.867547 0)
(0.0760271 -0.907091 0)
(0.0578149 -0.938304 0)
(0.0390717 -0.960898 0)
(0.0199696 -0.974667 0)
(-0.0141042 -0.954604 0)
(-0.0421831 -0.945836 0)
(-0.0698746 -0.928381 0)
(-0.0969243 -0.902399 0)
(-0.123084 -0.868128 0)
(-0.148113 -0.825883 0)
(-0.171781 -0.776053 0)
(-0.193872 -0.719095 0)
(-0.214182 -0.655531 0)
(-0.232525 -0.585947 0)
(-0.248732 -0.510981 0)
(-0.262654 -0.431322 0)
(-0.274164 -0.347701 0)
(-0.283156 -0.260887 0)
(-0.289547 -0.171676 0)
(-0.293279 -0.0808884 0)
(-0.294317 0.0106421 0)
(-0.292651 0.102075 0)
(-0.288298 0.19257 0)
(-0.281297 0.281297 0)
(-0.271712 0.367439 0)
(-0.259631 0.450207 0)
(-0.245166 0.52884 0)
(-0.228448 0.602616 0)
(-0.209633 0.670856 0)
(-0.188892 0.732935 0)
(-0.166416 0.788282 0)
(-0.142412 0.836388 0)
(-0.117099 0.876812 0)
(-0.0907112 0.909183 0)
(-0.06349 0.933203 0)
(-0.0356857 0.948652 0)
(-0.00755361 0.955388 0)
(0.0206479 0.953348 0)
(0.0486597 0.942552 0)
(0.0762246 0.923098 0)
(0.103089 0.895166 0)
(0.129007 0.859012 0)
(0.15374 0.814968 0)
(0.177061 0.763439 0)
(0.198756 0.704898 0)
(0.218625 0.639882 0)
(0.236486 0.568989 0)
(0.252175 0.492869 0)
(0.265547 0.412223 0)
(0.276481 0.327791 0)
(0.284875 0.240347 0)
(0.290653 0.150697 0)
(0.293761 0.0596618 0)
(0.294171 -0.031921 0)
(0.291879 -0.123211 0)
(0.286906 -0.213369 0)
(0.279298 -0.301567 0)
(0.269124 -0.386995 0)
(0.256479 -0.468869 0)
(0.241478 -0.546437 0)
(0.224259 -0.618985 0)
(0.20498 -0.685848 0)
(0.183818 -0.746411 0)
(0.160968 -0.800119 0)
(0.13664 -0.846478 0)
(0.111057 -0.885062 0)
(0.0844531 -0.915517 0)
(0.0570739 -0.937563 0)
(0.0291705 -0.950997 0)
(-0.0184234 -0.922077 0)
(-0.0551011 -0.913608 0)
(-0.0912726 -0.896747 0)
(-0.126606 -0.87165 0)
(-0.160776 -0.838547 0)
(-0.19347 -0.797742 0)
(-0.224387 -0.749609 0)
(-0.253242 -0.694592 0)
(-0.279772 -0.633195 0)
(-0.303732 -0.565982 0)
(-0.324902 -0.49357 0)
(-0.343088 -0.416625 0)
(-0.358123 -0.335854 0)
(-0.369868 -0.251997 0)
(-0.378217 -0.165826 0)
(-0.383091 -0.0781322 0)
(-0.384447 0.0102795 0)
(-0.382271 0.0985967 0)
(-0.376585 0.186008 0)
(-0.367439 0.271712 0)
(-0.354919 0.354919 0)
(-0.339139 0.434867 0)
(-0.320244 0.51082 0)
(-0.298407 0.582082 0)
(-0.27383 0.647997 0)
(-0.246737 0.70796 0)
(-0.217378 0.761421 0)
(-0.186023 0.807889 0)
(-0.152959 0.846935 0)
(-0.11849 0.878203 0)
(-0.0829329 0.901405 0)
(-0.0466139 0.916327 0)
(-0.00986678 0.922833 0)
(0.0269709 0.920863 0)
(0.063561 0.910435 0)
(0.0995672 0.891644 0)
(0.134659 0.864664 0)
(0.168514 0.829742 0)
(0.200821 0.787199 0)
(0.231283 0.737425 0)
(0.259622 0.680879 0)
(0.285575 0.618078 0)
(0.308906 0.549601 0)
(0.329399 0.476075 0)
(0.346867 0.398177 0)
(0.361149 0.316621 0)
(0.372114 0.232158 0)
(0.379661 0.145562 0)
(0.383721 0.0576289 0)
(0.384256 -0.0308333 0)
(0.381262 -0.119012 0)
(0.374766 -0.206098 0)
(0.364828 -0.291291 0)
(0.351539 -0.373809 0)
(0.335021 -0.452893 0)
(0.315427 -0.527817 0)
(0.292934 -0.597893 0)
(0.267752 -0.662478 0)
(0.24011 -0.720978 0)
(0.210262 -0.772856 0)
(0.178484 -0.817635 0)
(0.145066 -0.854904 0)
(0.110316 -0.884321 0)
(0.0745519 -0.905616 0)
(0.0381036 -0.918592 0)
(-0.0225734 -0.88108 0)
(-0.0675129 -0.872987 0)
(-0.111832 -0.856876 0)
(-0.155125 -0.832895 0)
(-0.196992 -0.801264 0)
(-0.23705 -0.762273 0)
(-0.274931 -0.71628 0)
(-0.310286 -0.663709 0)
(-0.342792 -0.605042 0)
(-0.372149 -0.540817 0)
(-0.398088 -0.471625 0)
(-0.420371 -0.398101 0)
(-0.438792 -0.320921 0)
(-0.453183 -0.240793 0)
(-0.463412 -0.158453 0)
(-0.469385 -0.0746583 0)
(-0.471046 0.00982244 0)
(-0.46838 0.094213 0)
(-0.461413 0.177738 0)
(-0.450207 0.259631 0)
(-0.434867 0.339139 0)
(-0.415532 0.415532 0)
(-0.392381 0.488108 0)
(-0.365625 0.556202 0)
(-0.335511 0.619186 0)
(-0.302316 0.676483 0)
(-0.266344 0.727567 0)
(-0.227926 0.771969 0)
(-0.187414 0.809279 0)
(-0.145181 0.839157 0)
(-0.101614 0.861327 0)
(-0.0571139 0.875586 0)
(-0.0120893 0.881803 0)
(0.0330463 0.87992 0)
(0.0778784 0.869956 0)
(0.121995 0.852 0)
(0.164992 0.82622 0)
(0.206472 0.79285 0)
(0.246057 0.752199 0)
(0.283381 0.704638 0)
(0.318103 0.650606 0)
(0.349903 0.590597 0)
(0.378489 0.525165 0)
(0.403598 0.454908 0)
(0.425001 0.380473 0)
(0.4425 0.302544 0)
(0.455935 0.221836 0)
(0.465182 0.13909 0)
(0.470156 0.0550666 0)
(0.470812 -0.0294624 0)
(0.467144 -0.113721 0)
(0.459185 -0.196935 0)
(0.447008 -0.27834 0)
(0.430726 -0.357189 0)
(0.410487 -0.432756 0)
(0.386478 -0.504349 0)
(0.35892 -0.57131 0)
(0.328064 -0.633023 0)
(0.294196 -0.688922 0)
(0.257625 -0.738493 0)
(0.218688 -0.781282 0)
(0.177743 -0.816894 0)
(0.135165 -0.845003 0)
(0.0913452 -0.865351 0)
(0.0466866 -0.877751 0)
(-0.0265161 -0.83199 0)
(-0.0793047 -0.824349 0)
(-0.131365 -0.809135 0)
(-0.182219 -0.78649 0)
(-0.231398 -0.756621 0)
(-0.278453 -0.719803 0)
(-0.32295 -0.676373 0)
(-0.364481 -0.626731 0)
(-0.402664 -0.571332 0)
(-0.437148 -0.510685 0)
(-0.467618 -0.445349 0)
(-0.493792 -0.375921 0)
(-0.515431 -0.303041 0)
(-0.532336 -0.227377 0)
(-0.544351 -0.149625 0)
(-0.551367 -0.0704987 0)
(-0.553318 0.00927518 0)
(-0.550187 0.0889639 0)
(-0.542003 0.167835 0)
(-0.52884 0.245166 0)
(-0.51082 0.320244 0)
(-0.488108 0.392381 0)
(-0.460913 0.460913 0)
(-0.429485 0.525213 0)
(-0.394112 0.584688 0)
(-0.355118 0.638793 0)
(-0.312864 0.687031 0)
(-0.267735 0.728958 0)
(-0.220147 0.76419 0)
(-0.170538 0.792403 0)
(-0.119362 0.813338 0)
(-0.0670894 0.826803 0)
(-0.0142008 0.832673 0)
(0.0388182 0.830895 0)
(0.0914806 0.821486 0)
(0.143303 0.804531 0)
(0.193809 0.780187 0)
(0.242535 0.748677 0)
(0.289033 0.71029 0)
(0.332876 0.665379 0)
(0.373662 0.614357 0)
(0.411016 0.557692 0)
(0.444595 0.495905 0)
(0.474091 0.429563 0)
(0.499231 0.359275 0)
(0.519787 0.285688 0)
(0.535568 0.209476 0)
(0.54643 0.131341 0)
(0.552273 0.0519986 0)
(0.553044 -0.0278209 0)
(0.548735 -0.107385 0)
(0.539385 -0.185963 0)
(0.525082 -0.262832 0)
(0.505956 -0.337288 0)
(0.482182 -0.408645 0)
(0.45398 -0.47625 0)
(0.421608 -0.539479 0)
(0.385364 -0.597754 0)
(0.34558 -0.650539 0)
(0.302622 -0.697348 0)
(0.256884 -0.737752 0)
(0.208787 -0.771381 0)
(0.158773 -0.797924 0)
(0.107299 -0.817138 0)
(0.0548409 -0.828847 0)
(-0.0302152 -0.775259 0)
(-0.090368 -0.768138 0)
(-0.149691 -0.753962 0)
(-0.207639 -0.732861 0)
(-0.26368 -0.705029 0)
(-0.317298 -0.670721 0)
(-0.368003 -0.630253 0)
(-0.415327 -0.583995 0)
(-0.458837 -0.532374 0)
(-0.498133 -0.475863 0)
(-0.532853 -0.414981 0)
(-0.562678 -0.350288 0)
(-0.587336 -0.282377 0)
(-0.606599 -0.211873 0)
(-0.620291 -0.139423 0)
(-0.628285 -0.0656916 0)
(-0.630508 0.00864273 0)
(-0.626941 0.0828977 0)
(-0.617614 0.156391 0)
(-0.602616 0.228448 0)
(-0.582082 0.298407 0)
(-0.556202 0.365625 0)
(-0.525213 0.429485 0)
(-0.4894 0.4894 0)
(-0.449092 0.54482 0)
(-0.404659 0.595235 0)
(-0.356509 0.640184 0)
(-0.305085 0.679253 0)
(-0.250859 0.712082 0)
(-0.194329 0.738371 0)
(-0.136013 0.757879 0)
(-0.0764487 0.770425 0)
(-0.0161819 0.775895 0)
(0.0442335 0.774239 0)
(0.104243 0.765471 0)
(0.163294 0.749672 0)
(0.220846 0.726988 0)
(0.276369 0.697626 0)
(0.329354 0.661857 0)
(0.379314 0.620009 0)
(0.42579 0.572466 0)
(0.468355 0.519665 0)
(0.506618 0.46209 0)
(0.540228 0.400272 0)
(0.568876 0.334777 0)
(0.592299 0.266207 0)
(0.610282 0.195192 0)
(0.622659 0.122385 0)
(0.629317 0.0484529 0)
(0.630196 -0.0259239 0)
(0.625285 -0.100063 0)
(0.614632 -0.173282 0)
(0.598333 -0.24491 0)
(0.576539 -0.314289 0)
(0.549449 -0.380781 0)
(0.517312 -0.443775 0)
(0.480424 -0.502694 0)
(0.439124 -0.556995 0)
(0.39379 -0.60618 0)
(0.344839 -0.649798 0)
(0.292721 -0.687447 0)
(0.237914 -0.718782 0)
(0.180922 -0.743515 0)
(0.122268 -0.761419 0)
(0.0624914 -0.77233 0)
(-0.0336368 -0.711407 0)
(-0.100601 -0.704873 0)
(-0.166642 -0.691865 0)
(-0.231152 -0.672501 0)
(-0.293539 -0.646961 0)
(-0.353229 -0.615479 0)
(-0.409676 -0.578344 0)
(-0.462359 -0.535896 0)
(-0.510796 -0.488527 0)
(-0.554541 -0.43667 0)
(-0.593193 -0.380803 0)
(-0.626396 -0.321438 0)
(-0.653846 -0.25912 0)
(-0.675291 -0.194423 0)
(-0.690533 -0.127939 0)
(-0.699432 -0.0602811 0)
(-0.701907 0.0079309 0)
(-0.697936 0.0760701 0)
(-0.687553 0.143511 0)
(-0.670856 0.209633 0)
(-0.647997 0.27383 0)
(-0.619186 0.335511 0)
(-0.584688 0.394112 0)
(-0.54482 0.449092 0)
(-0.499947 0.499947 0)
(-0.450483 0.546211 0)
(-0.396881 0.587457 0)
(-0.339633 0.623308 0)
(-0.279266 0.653434 0)
(-0.216334 0.677558 0)
(-0.151415 0.695458 0)
(-0.0851058 0.706971 0)
(-0.0180144 0.711991 0)
(0.0492425 0.710471 0)
(0.116047 0.702425 0)
(0.181786 0.687928 0)
(0.245855 0.667112 0)
(0.307666 0.640168 0)
(0.36665 0.607345 0)
(0.422268 0.568944 0)
(0.474007 0.525316 0)
(0.521392 0.476864 0)
(0.563988 0.424032 0)
(0.601404 0.367305 0)
(0.633296 0.307204 0)
(0.659371 0.244282 0)
(0.67939 0.179116 0)
(0.693169 0.112305 0)
(0.700582 0.0444623 0)
(0.701559 -0.0237888 0)
(0.696093 -0.0918213 0)
(0.684233 -0.15901 0)
(0.666089 -0.224739 0)
(0.641826 -0.288404 0)
(0.611669 -0.349419 0)
(0.575893 -0.407225 0)
(0.534828 -0.461291 0)
(0.48885 -0.51112 0)
(0.438383 -0.556254 0)
(0.383889 -0.596279 0)
(0.325869 -0.630827 0)
(0.264855 -0.659582 0)
(0.20141 -0.682278 0)
(0.136114 -0.698707 0)
(0.069568 -0.708719 0)
(-0.0367494 -0.641021 0)
(-0.109911 -0.635133 0)
(-0.182062 -0.623412 0)
(-0.252542 -0.605965 0)
(-0.320702 -0.582952 0)
(-0.385916 -0.554584 0)
(-0.447586 -0.521123 0)
(-0.505144 -0.482875 0)
(-0.558063 -0.440192 0)
(-0.605857 -0.393466 0)
(-0.648085 -0.343126 0)
(-0.684361 -0.289635 0)
(-0.714351 -0.233483 0)
(-0.73778 -0.175187 0)
(-0.754432 -0.115281 0)
(-0.764155 -0.0543169 0)
(-0.766859 0.00714622 0)
(-0.76252 0.0685437 0)
(-0.751177 0.129312 0)
(-0.732935 0.188892 0)
(-0.70796 0.246737 0)
(-0.676483 0.302316 0)
(-0.638793 0.355118 0)
(-0.595235 0.404659 0)
(-0.546211 0.450483 0)
(-0.492169 0.492169 0)
(-0.433607 0.529335 0)
(-0.371062 0.561638 0)
(-0.305109 0.588783 0)
(-0.236353 0.610521 0)
(-0.165427 0.62665 0)
(-0.0929812 0.637024 0)
(-0.0196814 0.641547 0)
(0.0537992 0.640177 0)
(0.126786 0.632928 0)
(0.198608 0.619865 0)
(0.268605 0.601108 0)
(0.336136 0.576831 0)
(0.400579 0.547255 0)
(0.461343 0.512653 0)
(0.51787 0.473342 0)
(0.56964 0.429683 0)
(0.616177 0.382078 0)
(0.657056 0.330964 0)
(0.691899 0.27681 0)
(0.720387 0.220113 0)
(0.742259 0.161394 0)
(0.757313 0.101194 0)
(0.765411 0.0400632 0)
(0.766479 -0.0214351 0)
(0.760507 -0.0827365 0)
(0.74755 -0.143278 0)
(0.727726 -0.202504 0)
(0.701219 -0.259869 0)
(0.66827 -0.314848 0)
(0.629184 -0.366935 0)
(0.584319 -0.415651 0)
(0.534087 -0.46055 0)
(0.478949 -0.501219 0)
(0.419412 -0.537284 0)
(0.356023 -0.568414 0)
(0.289364 -0.594323 0)
(0.220047 -0.614774 0)
(0.148709 -0.629578 0)
(0.0760055 -0.638599 0)
(-0.0395245 -0.564747 0)
(-0.11821 -0.55956 0)
(-0.195811 -0.549233 0)
(-0.271612 -0.533862 0)
(-0.344919 -0.513587 0)
(-0.415058 -0.488595 0)
(-0.481385 -0.459115 0)
(-0.54329 -0.425419 0)
(-0.600205 -0.387815 0)
(-0.651607 -0.346648 0)
(-0.697025 -0.302298 0)
(-0.73604 -0.255172 0)
(-0.768294 -0.205701 0)
(-0.793492 -0.154341 0)
(-0.811402 -0.101564 0)
(-0.82186 -0.0478539 0)
(-0.824768 0.0062959 0)
(-0.820101 0.0603878 0)
(-0.807902 0.113925 0)
(-0.788282 0.166416 0)
(-0.761421 0.217378 0)
(-0.727567 0.266344 0)
(-0.687031 0.312864 0)
(-0.640184 0.356509 0)
(-0.587457 0.396881 0)
(-0.529335 0.433607 0)
(-0.46635 0.46635 0)
(-0.399082 0.49481 0)
(-0.328149 0.518725 0)
(-0.254201 0.537876 0)
(-0.177919 0.552086 0)
(-0.100003 0.561226 0)
(-0.0211676 0.56521 0)
(0.0578618 0.564004 0)
(0.13636 0.557617 0)
(0.213605 0.546108 0)
(0.288889 0.529583 0)
(0.361519 0.508195 0)
(0.430828 0.482138 0)
(0.496181 0.451653 0)
(0.556976 0.41702 0)
(0.612655 0.378556 0)
(0.662707 0.336616 0)
(0.706673 0.291583 0)
(0.744147 0.243873 0)
(0.774787 0.193922 0)
(0.79831 0.14219 0)
(0.814501 0.0891527 0)
(0.82321 0.0352961 0)
(0.824359 -0.0188846 0)
(0.817936 -0.0728919 0)
(0.804 -0.12623 0)
(0.78268 -0.178408 0)
(0.75417 -0.228948 0)
(0.718734 -0.277385 0)
(0.676696 -0.323274 0)
(0.628443 -0.366194 0)
(0.574418 -0.40575 0)
(0.515117 -0.44158 0)
(0.451084 -0.473353 0)
(0.382908 -0.500779 0)
(0.311215 -0.523606 0)
(0.236664 -0.541623 0)
(0.159939 -0.554665 0)
(0.081745 -0.562613 0)
(-0.0419365 -0.483286 0)
(-0.125424 -0.478847 0)
(-0.20776 -0.47001 0)
(-0.288188 -0.456856 0)
(-0.365969 -0.439506 0)
(-0.440388 -0.418119 0)
(-0.510762 -0.392891 0)
(-0.576445 -0.364055 0)
(-0.636834 -0.331875 0)
(-0.691373 -0.296647 0)
(-0.739562 -0.258694 0)
(-0.780958 -0.218365 0)
(-0.815181 -0.17603 0)
(-0.841917 -0.132079 0)
(-0.86092 -0.0869141 0)
(-0.872015 -0.0409513 0)
(-0.875101 0.00538776 0)
(-0.870149 0.0516773 0)
(-0.857205 0.0974922 0)
(-0.836388 0.142412 0)
(-0.807889 0.186023 0)
(-0.771969 0.227926 0)
(-0.728958 0.267735 0)
(-0.679253 0.305085 0)
(-0.623308 0.339633 0)
(-0.561638 0.371062 0)
(-0.49481 0.399082 0)
(-0.423437 0.423437 0)
(-0.348175 0.443902 0)
(-0.269714 0.460291 0)
(-0.188777 0.472451 0)
(-0.106105 0.480273 0)
(-0.0224594 0.483683 0)
(0.0613929 0.48265 0)
(0.144681 0.477184 0)
(0.226641 0.467336 0)
(0.306519 0.453195 0)
(0.383581 0.434891 0)
(0.457121 0.412593 0)
(0.526461 0.386505 0)
(0.590966 0.356867 0)
(0.650044 0.323952 0)
(0.70315 0.288061 0)
(0.749799 0.249524 0)
(0.78956 0.208696 0)
(0.82207 0.16595 0)
(0.847028 0.12168 0)
(0.864207 0.076293 0)
(0.873448 0.0302049 0)
(0.874667 -0.0161606 0)
(0.867852 -0.0623777 0)
(0.853066 -0.108022 0)
(0.830444 -0.152674 0)
(0.800195 -0.195924 0)
(0.762596 -0.237374 0)
(0.717993 -0.276644 0)
(0.666795 -0.313373 0)
(0.609473 -0.347223 0)
(0.546553 -0.377885 0)
(0.478612 -0.405075 0)
(0.406276 -0.428545 0)
(0.330208 -0.448079 0)
(0.251107 -0.463497 0)
(0.1697 -0.474658 0)
(0.0867337 -0.48146 0)
(-0.0439634 -0.397386 0)
(-0.131486 -0.393736 0)
(-0.217802 -0.38647 0)
(-0.302117 -0.375654 0)
(-0.383657 -0.361387 0)
(-0.461673 -0.343802 0)
(-0.535448 -0.323058 0)
(-0.604306 -0.299347 0)
(-0.667613 -0.272887 0)
(-0.724788 -0.24392 0)
(-0.775306 -0.212713 0)
(-0.818703 -0.179552 0)
(-0.854581 -0.144742 0)
(-0.882609 -0.108603 0)
(-0.90253 -0.0714659 0)
(-0.914161 -0.0336725 0)
(-0.917397 0.00443013 0)
(-0.912205 0.0424921 0)
(-0.898636 0.0801638 0)
(-0.876812 0.117099 0)
(-0.846935 0.152959 0)
(-0.809279 0.187414 0)
(-0.76419 0.220147 0)
(-0.712082 0.250859 0)
(-0.653434 0.279266 0)
(-0.588783 0.305109 0)
(-0.518725 0.328149 0)
(-0.443902 0.348175 0)
(-0.365003 0.365003 0)
(-0.28275 0.378478 0)
(-0.197901 0.388477 0)
(-0.111234 0.394908 0)
(-0.0235449 0.397712 0)
(0.0643602 0.396863 0)
(0.151674 0.392369 0)
(0.237595 0.384271 0)
(0.321333 0.372643 0)
(0.40212 0.357593 0)
(0.479214 0.339258 0)
(0.551906 0.317807 0)
(0.619529 0.293437 0)
(0.681462 0.266372 0)
(0.737135 0.236861 0)
(0.786038 0.205173 0)
(0.827721 0.171602 0)
(0.861802 0.136454 0)
(0.887967 0.100053 0)
(0.905976 0.0627326 0)
(0.915664 0.0248362 0)
(0.916942 -0.0132882 0)
(0.909797 -0.0512906 0)
(0.894296 -0.0888219 0)
(0.870581 -0.125537 0)
(0.83887 -0.1611 0)
(0.799454 -0.195183 0)
(0.752695 -0.227473 0)
(0.699023 -0.257673 0)
(0.63893 -0.285507 0)
(0.572969 -0.310719 0)
(0.501745 -0.333077 0)
(0.425912 -0.352375 0)
(0.346167 -0.368437 0)
(0.263243 -0.381115 0)
(0.177902 -0.390292 0)
(0.0909257 -0.395885 0)
(-0.0455865 -0.307836 0)
(-0.136341 -0.305009 0)
(-0.225843 -0.29938 0)
(-0.313271 -0.291001 0)
(-0.397821 -0.27995 0)
(-0.478717 -0.266327 0)
(-0.555217 -0.250258 0)
(-0.626616 -0.23189 0)
(-0.692261 -0.211393 0)
(-0.751547 -0.188953 0)
(-0.80393 -0.164779 0)
(-0.848929 -0.139091 0)
(-0.886131 -0.112125 0)
(-0.915193 -0.0841295 0)
(-0.93585 -0.0553612 0)
(-0.947911 -0.0260845 0)
(-0.951266 0.00343181 0)
(-0.945883 0.0329166 0)
(-0.931812 0.0620991 0)
(-0.909183 0.0907112 0)
(-0.878203 0.11849 0)
(-0.839157 0.145181 0)
(-0.792403 0.170538 0)
(-0.738371 0.194329 0)
(-0.677558 0.216334 0)
(-0.610521 0.236353 0)
(-0.537876 0.254201 0)
(-0.460291 0.269714 0)
(-0.378478 0.28275 0)
(-0.293189 0.293189 0)
(-0.205207 0.300935 0)
(-0.11534 0.305917 0)
(-0.0244141 0.308089 0)
(0.0667363 0.307431 0)
(0.157274 0.30395 0)
(0.246367 0.297676 0)
(0.333197 0.288669 0)
(0.416966 0.27701 0)
(0.496906 0.262807 0)
(0.572282 0.24619 0)
(0.642401 0.227312 0)
(0.70662 0.206346 0)
(0.764349 0.183485 0)
(0.815058 0.158938 0)
(0.85828 0.132932 0)
(0.893619 0.105704 0)
(0.92075 0.0775061 0)
(0.939424 0.048596 0)
(0.949469 0.0192395 0)
(0.950794 -0.0102937 0)
(0.943386 -0.0397324 0)
(0.927313 -0.0688061 0)
(0.902722 -0.0972479 0)
(0.86984 -0.124796 0)
(0.828969 -0.151199 0)
(0.780484 -0.176212 0)
(0.72483 -0.199607 0)
(0.662518 -0.221169 0)
(0.594122 -0.240699 0)
(0.520268 -0.258019 0)
(0.441636 -0.272968 0)
(0.358948 -0.285411 0)
(0.272962 -0.295231 0)
(0.18447 -0.302341 0)
(0.0942826 -0.306673 0)
(-0.0467909 -0.215459 0)
(-0.139943 -0.21348 0)
(-0.231809 -0.20954 0)
(-0.321547 -0.203676 0)
(-0.408331 -0.195941 0)
(-0.491365 -0.186406 0)
(-0.569885 -0.175159 0)
(-0.643171 -0.162303 0)
(-0.71055 -0.147957 0)
(-0.771402 -0.132251 0)
(-0.825169 -0.115331 0)
(-0.871357 -0.0973515 0)
(-0.909542 -0.0784779 0)
(-0.939372 -0.0588834 0)
(-0.960575 -0.0387481 0)
(-0.972954 -0.0182569 0)
(-0.976398 0.00240197 0)
(-0.970873 0.0230388 0)
(-0.95643 0.043464 0)
(-0.933203 0.06349 0)
(-0.901405 0.0829329 0)
(-0.861327 0.101614 0)
(-0.813338 0.119362 0)
(-0.757879 0.136013 0)
(-0.695458 0.151415 0)
(-0.62665 0.165427 0)
(-0.552086 0.177919 0)
(-0.472451 0.188777 0)
(-0.388477 0.197901 0)
(-0.300935 0.205207 0)
(-0.210629 0.210629 0)
(-0.118388 0.214115 0)
(-0.0250591 0.215636 0)
(0.0684994 0.215175 0)
(0.161429 0.212738 0)
(0.252875 0.208348 0)
(0.341999 0.202043 0)
(0.427982 0.193883 0)
(0.510034 0.183942 0)
(0.587401 0.172312 0)
(0.659373 0.159099 0)
(0.725289 0.144424 0)
(0.784543 0.128423 0)
(0.836591 0.111243 0)
(0.880955 0.0930408 0)
(0.917227 0.0739839 0)
(0.945075 0.0542476 0)
(0.964243 0.034013 0)
(0.974554 0.013466 0)
(0.975913 -0.00720473 0)
(0.968309 -0.0278093 0)
(0.951812 -0.0481584 0)
(0.926572 -0.0680651 0)
(0.892821 -0.0873467 0)
(0.85087 -0.105826 0)
(0.801104 -0.123333 0)
(0.74398 -0.139708 0)
(0.680022 -0.154799 0)
(0.609818 -0.168469 0)
(0.534014 -0.180591 0)
(0.453304 -0.191054 0)
(0.368431 -0.199763 0)
(0.280174 -0.206637 0)
(0.189343 -0.211612 0)
(0.0967735 -0.214645 0)
(-0.0475655 -0.121102 0)
(-0.14226 -0.11999 0)
(-0.235647 -0.117776 0)
(-0.32687 -0.11448 0)
(-0.415091 -0.110132 0)
(-0.499499 -0.104773 0)
(-0.579319 -0.0984512 0)
(-0.653819 -0.0912254 0)
(-0.722313 -0.0831617 0)
(-0.784172 -0.0743341 0)
(-0.838829 -0.0648238 0)
(-0.885782 -0.0547182 0)
(-0.924599 -0.0441099 0)
(-0.954923 -0.0330965 0)
(-0.976477 -0.0217791 0)
(-0.989061 -0.0102616 0)
(-0.992561 0.00135007 0)
(-0.986945 0.0129494 0)
(-0.972264 0.0244297 0)
(-0.948652 0.0356857 0)
(-0.916327 0.0466139 0)
(-0.875586 0.0571139 0)
(-0.826803 0.0670894 0)
(-0.770425 0.0764487 0)
(-0.706971 0.0851058 0)
(-0.637024 0.0929812 0)
(-0.561226 0.100003 0)
(-0.480273 0.106105 0)
(-0.394908 0.111234 0)
(-0.305917 0.11534 0)
(-0.214115 0.118388 0)
(-0.120347 0.120347 0)
(-0.025474 0.121202 0)
(0.0696334 0.120943 0)
(0.164101 0.119573 0)
(0.257062 0.117106 0)
(0.347661 0.113562 0)
(0.435067 0.108976 0)
(0.518477 0.103388 0)
(0.597125 0.096851 0)
(0.670289 0.0894243 0)
(0.737296 0.0811763 0)
(0.797531 0.0721827 0)
(0.85044 0.0625261 0)
(0.895539 0.0522952 0)
(0.932412 0.041584 0)
(0.960721 0.0304908 0)
(0.980205 0.0191176 0)
(0.990687 0.00756879 0)
(0.992069 -0.00404955 0)
(0.984339 -0.0156307 0)
(0.967568 -0.0270683 0)
(0.941911 -0.0382572 0)
(0.907601 -0.0490948 0)
(0.864956 -0.0594814 0)
(0.814366 -0.0693217 0)
(0.756296 -0.0785253 0)
(0.691279 -0.0870076 0)
(0.619914 -0.0946908 0)
(0.542854 -0.101504 0)
(0.460808 -0.107385 0)
(0.37453 -0.11228 0)
(0.284812 -0.116144 0)
(0.192478 -0.118941 0)
(0.0983755 -0.120645 0)
(-0.0479032 -0.0256338 0)
(-0.14327 -0.0253984 0)
(-0.23732 -0.0249296 0)
(-0.329191 -0.0242319 0)
(-0.418038 -0.0233117 0)
(-0.503045 -0.0221773 0)
(-0.583432 -0.0208392 0)
(-0.658461 -0.0193097 0)
(-0.727441 -0.0176029 0)
(-0.78974 -0.0157343 0)
(-0.844785 -0.0137213 0)
(-0.892071 -0.0115822 0)
(-0.931163 -0.00933676 0)
(-0.961703 -0.00700554 0)
(-0.98341 -0.00460998 0)
(-0.996084 -0.00217208 0)
(-0.999609 0.000285771 0)
(-0.993952 0.002741 0)
(-0.979167 0.00517105 0)
(-0.955388 0.00755361 0)
(-0.922833 0.00986678 0)
(-0.881803 0.0120893 0)
(-0.832673 0.0142008 0)
(-0.775895 0.0161819 0)
(-0.711991 0.0180144 0)
(-0.641547 0.0196814 0)
(-0.56521 0.0211676 0)
(-0.483683 0.0224594 0)
(-0.397712 0.0235449 0)
(-0.308089 0.0244141 0)
(-0.215636 0.0250591 0)
(-0.121202 0.025474 0)
(-0.0256548 0.0256548 0)
(0.0701278 0.0256001 0)
(0.165266 0.0253102 0)
(0.258887 0.0247878 0)
(0.35013 0.0240377 0)
(0.438156 0.0230669 0)
(0.522159 0.0218842 0)
(0.601365 0.0205005 0)
(0.675048 0.0189285 0)
(0.742531 0.0171826 0)
(0.803193 0.0152789 0)
(0.856478 0.0132349 0)
(0.901897 0.0110694 0)
(0.939032 0.0088021 0)
(0.967542 0.00645401 0)
(0.987165 0.00404663 0)
(0.997721 0.00160209 0)
(0.999113 -0.00085717 0)
(0.991328 -0.00330856 0)
(0.974438 -0.00572955 0)
(0.948598 -0.00809792 0)
(0.914045 -0.0103919 0)
(0.871097 -0.0125905 0)
(0.820148 -0.0146734 0)
(0.761665 -0.0166215 0)
(0.696187 -0.0184169 0)
(0.624315 -0.0200433 0)
(0.546708 -0.0214855 0)
(0.46408 -0.0227303 0)
(0.377189 -0.0237664 0)
(0.286834 -0.0245842 0)
(0.193844 -0.0251762 0)
(0.099074 -0.025537 0)
(-0.0478009 0.0700703 0)
(-0.142964 0.0694267 0)
(-0.236813 0.0681454 0)
(-0.328488 0.0662383 0)
(-0.417145 0.0637227 0)
(-0.501971 0.0606218 0)
(-0.582187 0.0569642 0)
(-0.657055 0.0527833 0)
(-0.725888 0.0481176 0)
(-0.788054 0.04301 0)
(-0.842982 0.0375073 0)
(-0.890167 0.0316601 0)
(-0.929175 0.0255221 0)
(-0.95965 0.0191497 0)
(-0.98131 0.0126014 0)
(-0.993957 0.00593741 0)
(-0.997475 -0.000781156 0)
(-0.99183 -0.00749255 0)
(-0.977076 -0.0141351 0)
(-0.953348 -0.0206479 0)
(-0.920863 -0.0269709 0)
(-0.87992 -0.0330463 0)
(-0.830895 -0.0388182 0)
(-0.774239 -0.0442335 0)
(-0.710471 -0.0492425 0)
(-0.640177 -0.0537992 0)
(-0.564004 -0.0578618 0)
(-0.48265 -0.0613929 0)
(-0.396863 -0.0643602 0)
(-0.307431 -0.0667363 0)
(-0.215175 -0.0684994 0)
(-0.120943 -0.0696334 0)
(-0.0256001 -0.0701278 0)
(0.0699781 -0.0699781 0)
(0.164913 -0.0691856 0)
(0.258334 -0.0677577 0)
(0.349382 -0.0657074 0)
(0.437221 -0.0630536 0)
(0.521044 -0.0598207 0)
(0.600081 -0.0560383 0)
(0.673607 -0.0517412 0)
(0.740945 -0.0469689 0)
(0.801478 -0.0417652 0)
(0.85465 -0.0361778 0)
(0.899972 -0.0302582 0)
(0.937027 -0.0240606 0)
(0.965476 -0.0176421 0)
(0.985057 -0.0110615 0)
(0.995591 -0.00437932 0)
(0.99698 0.00234308 0)
(0.989212 0.00904397 0)
(0.972358 0.0156618 0)
(0.946573 0.0221358 0)
(0.912094 0.0284064 0)
(0.869237 0.0344161 0)
(0.818397 0.0401098 0)
(0.760039 0.045435 0)
(0.694701 0.0503429 0)
(0.622982 0.0547884 0)
(0.545541 0.0587307 0)
(0.463089 0.0621336 0)
(0.376384 0.0649657 0)
(0.286222 0.0672012 0)
(0.19343 0.0688194 0)
(0.0988624 0.0698055 0)
(-0.0472596 0.165131 0)
(-0.141345 0.163614 0)
(-0.234132 0.160595 0)
(-0.324768 0.1561 0)
(-0.412421 0.150172 0)
(-0.496287 0.142864 0)
(-0.575594 0.134244 0)
(-0.649614 0.124391 0)
(-0.717668 0.113396 0)
(-0.77913 0.101359 0)
(-0.833435 0.0883914 0)
(-0.880086 0.0746116 0)
(-0.918653 0.0601466 0)
(-0.948782 0.0451291 0)
(-0.970197 0.0296971 0)
(-0.982701 0.0139924 0)
(-0.986179 -0.00184091 0)
(-0.980598 -0.0176573 0)
(-0.966011 -0.0333115 0)
(-0.942552 -0.0486597 0)
(-0.910435 -0.063561 0)
(-0.869956 -0.0778784 0)
(-0.821486 -0.0914806 0)
(-0.765471 -0.104243 0)
(-0.702425 -0.116047 0)
(-0.632928 -0.126786 0)
(-0.557617 -0.13636 0)
(-0.477184 -0.144681 0)
(-0.392369 -0.151674 0)
(-0.30395 -0.157274 0)
(-0.212738 -0.161429 0)
(-0.119573 -0.164101 0)
(-0.0253102 -0.165266 0)
(0.0691856 -0.164913 0)
(0.163046 -0.163046 0)
(0.255409 -0.159681 0)
(0.345425 -0.154849 0)
(0.43227 -0.148595 0)
(0.515143 -0.140976 0)
(0.593286 -0.132062 0)
(0.665979 -0.121936 0)
(0.732555 -0.110689 0)
(0.792402 -0.0984256 0)
(0.844971 -0.0852583 0)
(0.88978 -0.0713078 0)
(0.926416 -0.0567024 0)
(0.954543 -0.0415761 0)
(0.973902 -0.026068 0)
(0.984316 -0.0103205 0)
(0.98569 0.00552181 0)
(0.978009 0.0213134 0)
(0.961346 0.0369093 0)
(0.935854 0.0521661 0)
(0.901765 0.0669438 0)
(0.859394 0.0811066 0)
(0.809129 0.0945245 0)
(0.751432 0.107074 0)
(0.686834 0.11864 0)
(0.615927 0.129117 0)
(0.539363 0.138407 0)
(0.457845 0.146427 0)
(0.372122 0.153101 0)
(0.28298 0.158369 0)
(0.19124 0.162183 0)
(0.0977429 0.164507 0)
(-0.0462842 0.258675 0)
(-0.138428 0.256299 0)
(-0.229299 0.251569 0)
(-0.318065 0.244528 0)
(-0.403909 0.235242 0)
(-0.486044 0.223794 0)
(-0.563714 0.210291 0)
(-0.636207 0.194857 0)
(-0.702856 0.177633 0)
(-0.763049 0.158778 0)
(-0.816234 0.138464 0)
(-0.861922 0.116878 0)
(-0.899693 0.0942186 0)
(-0.9292 0.070694 0)
(-0.950173 0.04652 0)
(-0.962419 0.0219188 0)
(-0.965825 -0.00288375 0)
(-0.96036 -0.0276598 0)
(-0.946074 -0.0521818 0)
(-0.923098 -0.0762246 0)
(-0.891644 -0.0995672 0)
(-0.852 -0.121995 0)
(-0.804531 -0.143303 0)
(-0.749672 -0.163294 0)
(-0.687928 -0.181786 0)
(-0.619865 -0.198608 0)
(-0.546108 -0.213605 0)
(-0.467336 -0.226641 0)
(-0.384271 -0.237595 0)
(-0.297676 -0.246367 0)
(-0.208348 -0.252875 0)
(-0.117106 -0.257062 0)
(-0.0247878 -0.258887 0)
(0.0677577 -0.258334 0)
(0.159681 -0.255409 0)
(0.250137 -0.250137 0)
(0.338296 -0.242568 0)
(0.423348 -0.232772 0)
(0.504511 -0.220837 0)
(0.581041 -0.206873 0)
(0.652233 -0.19101 0)
(0.717435 -0.173392 0)
(0.776048 -0.154182 0)
(0.827532 -0.133556 0)
(0.871416 -0.111702 0)
(0.907295 -0.0888233 0)
(0.934842 -0.0651283 0)
(0.953802 -0.0408352 0)
(0.964001 -0.0161669 0)
(0.965346 0.00864983 0)
(0.957824 0.0333871 0)
(0.941505 0.0578177 0)
(0.916538 0.0817173 0)
(0.883153 0.104866 0)
(0.841656 0.127052 0)
(0.792429 0.148071 0)
(0.735923 0.16773 0)
(0.672658 0.185848 0)
(0.603215 0.202259 0)
(0.528231 0.216813 0)
(0.448395 0.229375 0)
(0.364441 0.23983 0)
(0.27714 0.248083 0)
(0.187293 0.254057 0)
(0.0957256 0.257697 0)
(-0.0448837 0.349843 0)
(-0.134239 0.346629 0)
(-0.222361 0.340232 0)
(-0.308441 0.33071 0)
(-0.391688 0.318151 0)
(-0.471337 0.302669 0)
(-0.546657 0.284407 0)
(-0.616956 0.263533 0)
(-0.681588 0.240239 0)
(-0.73996 0.214737 0)
(-0.791536 0.187264 0)
(-0.835841 0.158071 0)
(-0.872469 0.127425 0)
(-0.901084 0.0956095 0)
(-0.921422 0.0629157 0)
(-0.933297 0.0296439 0)
(-0.9366 -0.00390011 0)
(-0.9313 -0.0374083 0)
(-0.917447 -0.0705729 0)
(-0.895166 -0.103089 0)
(-0.864664 -0.134659 0)
(-0.82622 -0.164992 0)
(-0.780187 -0.193809 0)
(-0.726988 -0.220846 0)
(-0.667112 -0.245855 0)
(-0.601108 -0.268605 0)
(-0.529583 -0.288889 0)
(-0.453195 -0.306519 0)
(-0.372643 -0.321333 0)
(-0.288669 -0.333197 0)
(-0.202043 -0.341999 0)
(-0.113562 -0.347661 0)
(-0.0240377 -0.35013 0)
(0.0657074 -0.349382 0)
(0.154849 -0.345425 0)
(0.242568 -0.338296 0)
(0.32806 -0.32806 0)
(0.410538 -0.31481 0)
(0.489245 -0.298669 0)
(0.563459 -0.279784 0)
(0.632497 -0.25833 0)
(0.695726 -0.234503 0)
(0.752565 -0.208522 0)
(0.802492 -0.180626 0)
(0.845048 -0.151071 0)
(0.879842 -0.120128 0)
(0.906554 -0.0880823 0)
(0.924941 -0.0552272 0)
(0.934831 -0.0218648 0)
(0.936136 0.0116984 0)
(0.928842 0.0451541 0)
(0.913016 0.0781952 0)
(0.888805 0.110518 0)
(0.85643 0.141826 0)
(0.816189 0.171831 0)
(0.768451 0.200258 0)
(0.713655 0.226845 0)
(0.652304 0.251349 0)
(0.584962 0.273544 0)
(0.512247 0.293227 0)
(0.434827 0.310217 0)
(0.353414 0.324357 0)
(0.268754 0.335518 0)
(0.181626 0.343597 0)
(0.092829 0.348521 0)
(-0.0430709 0.437797 0)
(-0.128817 0.433776 0)
(-0.21338 0.425771 0)
(-0.295984 0.413855 0)
(-0.375868 0.398138 0)
(-0.4523 0.378763 0)
(-0.524578 0.35591 0)
(-0.592038 0.329788 0)
(-0.65406 0.300637 0)
(-0.710075 0.268725 0)
(-0.759567 0.234344 0)
(-0.802083 0.197811 0)
(-0.837232 0.159461 0)
(-0.864691 0.119647 0)
(-0.884208 0.0787334 0)
(-0.895603 0.0370968 0)
(-0.898773 -0.00488064 0)
(-0.893687 -0.0468132 0)
(-0.880393 -0.0883158 0)
(-0.859012 -0.129007 0)
(-0.829742 -0.168514 0)
(-0.79285 -0.206472 0)
(-0.748677 -0.242535 0)
(-0.697626 -0.276369 0)
(-0.640168 -0.307666 0)
(-0.576831 -0.336136 0)
(-0.508195 -0.361519 0)
(-0.434891 -0.383581 0)
(-0.357593 -0.40212 0)
(-0.27701 -0.416966 0)
(-0.193883 -0.427982 0)
(-0.108976 -0.435067 0)
(-0.0230669 -0.438156 0)
(0.0630536 -0.437221 0)
(0.148595 -0.43227 0)
(0.232772 -0.423348 0)
(0.31481 -0.410538 0)
(0.393957 -0.393957 0)
(0.469486 -0.373758 0)
(0.540702 -0.350126 0)
(0.606952 -0.323278 0)
(0.667627 -0.29346 0)
(0.722171 -0.260947 0)
(0.770081 -0.226038 0)
(0.810918 -0.189052 0)
(0.844307 -0.15033 0)
(0.86994 -0.110227 0)
(0.887584 -0.069112 0)
(0.897075 -0.0273619 0)
(0.898327 0.0146395 0)
(0.891327 0.0565064 0)
(0.876141 0.0978544 0)
(0.852908 0.138304 0)
(0.821841 0.177482 0)
(0.783225 0.215031 0)
(0.737415 0.250605 0)
(0.684832 0.283877 0)
(0.625959 0.314541 0)
(0.561337 0.342316 0)
(0.491559 0.366948 0)
(0.417266 0.388209 0)
(0.33914 0.405904 0)
(0.257899 0.419871 0)
(0.17429 0.429982 0)
(0.0890798 0.436143 0)
(-0.0408626 0.521731 0)
(-0.122212 0.516939 0)
(-0.20244 0.507399 0)
(-0.280808 0.493198 0)
(-0.356596 0.474468 0)
(-0.42911 0.451379 0)
(-0.497682 0.424145 0)
(-0.561683 0.393015 0)
(-0.620525 0.358275 0)
(-0.673667 0.320244 0)
(-0.720622 0.279272 0)
(-0.760958 0.235735 0)
(-0.794305 0.190033 0)
(-0.820356 0.142585 0)
(-0.838872 0.093828 0)
(-0.849683 0.0442089 0)
(-0.85269 -0.00581635 0)
(-0.847865 -0.0557881 0)
(-0.835253 -0.105248 0)
(-0.814968 -0.15374 0)
(-0.787199 -0.200821 0)
(-0.752199 -0.246057 0)
(-0.71029 -0.289033 0)
(-0.661857 -0.329354 0)
(-0.607345 -0.36665 0)
(-0.547255 -0.400579 0)
(-0.482138 -0.430828 0)
(-0.412593 -0.457121 0)
(-0.339258 -0.479214 0)
(-0.262807 -0.496906 0)
(-0.183942 -0.510034 0)
(-0.103388 -0.518477 0)
(-0.0218842 -0.522159 0)
(0.0598207 -0.521044 0)
(0.140976 -0.515143 0)
(0.220837 -0.504511 0)
(0.298669 -0.489245 0)
(0.373758 -0.469486 0)
(0.445414 -0.445414 0)
(0.512979 -0.417251 0)
(0.575832 -0.385256 0)
(0.633396 -0.349722 0)
(0.685143 -0.310976 0)
(0.730597 -0.269373 0)
(0.76934 -0.225297 0)
(0.801017 -0.179151 0)
(0.825336 -0.13136 0)
(0.842075 -0.082362 0)
(0.85108 -0.0326077 0)
(0.852267 0.0174462 0)
(0.845627 0.0673397 0)
(0.831219 0.116615 0)
(0.809177 0.164819 0)
(0.779702 0.211509 0)
(0.743067 0.256256 0)
(0.699606 0.29865 0)
(0.649719 0.338301 0)
(0.593865 0.374844 0)
(0.532556 0.407945 0)
(0.466355 0.437298 0)
(0.395871 0.462635 0)
(0.321751 0.483723 0)
(0.244676 0.500368 0)
(0.165354 0.512417 0)
(0.0845125 0.519759 0)
(-0.0382789 0.600872 0)
(-0.114485 0.595353 0)
(-0.18964 0.584366 0)
(-0.263053 0.568011 0)
(-0.334049 0.54644 0)
(-0.401978 0.519849 0)
(-0.466214 0.488483 0)
(-0.526168 0.452631 0)
(-0.58129 0.412622 0)
(-0.631072 0.368822 0)
(-0.675058 0.321635 0)
(-0.712844 0.271494 0)
(-0.744082 0.218859 0)
(-0.768486 0.164214 0)
(-0.785831 0.108061 0)
(-0.795959 0.0509149 0)
(-0.798776 -0.00669863 0)
(-0.794256 -0.0642506 0)
(-0.782441 -0.121213 0)
(-0.763439 -0.177061 0)
(-0.737425 -0.231283 0)
(-0.704638 -0.283381 0)
(-0.665379 -0.332876 0)
(-0.620009 -0.379314 0)
(-0.568944 -0.422268 0)
(-0.512653 -0.461343 0)
(-0.451653 -0.496181 0)
(-0.386505 -0.526461 0)
(-0.317807 -0.551906 0)
(-0.24619 -0.572282 0)
(-0.172312 -0.587401 0)
(-0.096851 -0.597125 0)
(-0.0205005 -0.601365 0)
(0.0560383 -0.600081 0)
(0.132062 -0.593286 0)
(0.206873 -0.581041 0)
(0.279784 -0.563459 0)
(0.350126 -0.540702 0)
(0.417251 -0.512979 0)
(0.480544 -0.480544 0)
(0.539423 -0.443695 0)
(0.593348 -0.402771 0)
(0.641822 -0.358148 0)
(0.684402 -0.310235 0)
(0.720695 -0.259472 0)
(0.750369 -0.206327 0)
(0.773151 -0.151286 0)
(0.788832 -0.0948555 0)
(0.797267 -0.0375539 0)
(0.79838 0.0200926 0)
(0.792159 0.0775545 0)
(0.778662 0.134304 0)
(0.758014 0.18982 0)
(0.730403 0.243593 0)
(0.696083 0.295128 0)
(0.655371 0.343952 0)
(0.608638 0.389618 0)
(0.556315 0.431704 0)
(0.498883 0.469826 0)
(0.436868 0.503632 0)
(0.370841 0.532812 0)
(0.301407 0.557099 0)
(0.229206 0.576269 0)
(0.154899 0.590145 0)
(0.0791689 0.598602 0)
(-0.0353436 0.674495 0)
(-0.105706 0.668299 0)
(-0.175098 0.655966 0)
(-0.242881 0.637608 0)
(-0.308434 0.613393 0)
(-0.371154 0.583544 0)
(-0.430464 0.548335 0)
(-0.485821 0.50809 0)
(-0.536716 0.463179 0)
(-0.582681 0.414013 0)
(-0.623294 0.361044 0)
(-0.658182 0.304759 0)
(-0.687025 0.245675 0)
(-0.709557 0.184335 0)
(-0.725573 0.121301 0)
(-0.734924 0.0571533 0)
(-0.737525 -0.00751939 0)
(-0.733351 -0.072123 0)
(-0.722442 -0.136064 0)
(-0.704898 -0.198756 0)
(-0.680879 -0.259622 0)
(-0.650606 -0.318103 0)
(-0.614357 -0.373662 0)
(-0.572466 -0.42579 0)
(-0.525316 -0.474007 0)
(-0.473342 -0.51787 0)
(-0.41702 -0.556976 0)
(-0.356867 -0.590966 0)
(-0.293437 -0.619529 0)
(-0.227312 -0.642401 0)
(-0.159099 -0.659373 0)
(-0.0894243 -0.670289 0)
(-0.0189285 -0.675048 0)
(0.0517412 -0.673607 0)
(0.121936 -0.665979 0)
(0.19101 -0.652233 0)
(0.25833 -0.632497 0)
(0.323278 -0.606952 0)
(0.385256 -0.575832 0)
(0.443695 -0.539423 0)
(0.498059 -0.498059 0)
(0.547849 -0.452121 0)
(0.592607 -0.40203 0)
(0.631921 -0.348247 0)
(0.665432 -0.291264 0)
(0.69283 -0.231607 0)
(0.713865 -0.169822 0)
(0.728343 -0.106478 0)
(0.736132 -0.0421553 0)
(0.737159 0.0225544 0)
(0.731415 0.087057 0)
(0.718953 0.15076 0)
(0.699888 0.213078 0)
(0.674395 0.273439 0)
(0.642707 0.331289 0)
(0.605116 0.386096 0)
(0.561967 0.437356 0)
(0.513656 0.484599 0)
(0.460628 0.527392 0)
(0.403369 0.56534 0)
(0.342404 0.598096 0)
(0.278295 0.625358 0)
(0.21163 0.646877 0)
(0.143021 0.662454 0)
(0.0730981 0.671946 0)
(-0.0320837 0.741922 0)
(-0.0959564 0.735107 0)
(-0.158948 0.721541 0)
(-0.220479 0.701347 0)
(-0.279986 0.674712 0)
(-0.33692 0.641879 0)
(-0.390761 0.603151 0)
(-0.441012 0.558883 0)
(-0.487212 0.509481 0)
(-0.528937 0.4554 0)
(-0.565805 0.397137 0)
(-0.597475 0.335225 0)
(-0.623657 0.270235 0)
(-0.644112 0.202762 0)
(-0.65865 0.133427 0)
(-0.667138 0.0628668 0)
(-0.669499 -0.00827108 0)
(-0.665711 -0.079333 0)
(-0.655808 -0.149666 0)
(-0.639882 -0.218625 0)
(-0.618078 -0.285575 0)
(-0.590597 -0.349903 0)
(-0.557692 -0.411016 0)
(-0.519665 -0.468355 0)
(-0.476864 -0.521392 0)
(-0.429683 -0.56964 0)
(-0.378556 -0.612655 0)
(-0.323952 -0.650044 0)
(-0.266372 -0.681462 0)
(-0.206346 -0.70662 0)
(-0.144424 -0.725289 0)
(-0.0811763 -0.737296 0)
(-0.0171826 -0.742531 0)
(0.0469689 -0.740945 0)
(0.110689 -0.732555 0)
(0.173392 -0.717435 0)
(0.234503 -0.695726 0)
(0.29346 -0.667627 0)
(0.349722 -0.633396 0)
(0.402771 -0.593348 0)
(0.452121 -0.547849 0)
(0.497318 -0.497318 0)
(0.537948 -0.44222 0)
(0.573636 -0.38306 0)
(0.604056 -0.320381 0)
(0.628927 -0.25476 0)
(0.648022 -0.186799 0)
(0.661165 -0.117122 0)
(0.668235 -0.0463694 0)
(0.669167 0.0248091 0)
(0.663953 0.0957598 0)
(0.652641 0.165831 0)
(0.635334 0.234379 0)
(0.612192 0.300774 0)
(0.583427 0.364407 0)
(0.549303 0.424692 0)
(0.510134 0.481077 0)
(0.466279 0.533043 0)
(0.418142 0.580114 0)
(0.366164 0.621856 0)
(0.310823 0.657886 0)
(0.252627 0.687873 0)
(0.19211 0.711543 0)
(0.129829 0.728677 0)
(0.0663559 0.739118 0)
(-0.0285291 0.802535 0)
(-0.0853253 0.795164 0)
(-0.141338 0.780489 0)
(-0.196052 0.758645 0)
(-0.248966 0.729834 0)
(-0.299593 0.694319 0)
(-0.347468 0.652427 0)
(-0.392151 0.604542 0)
(-0.433233 0.551105 0)
(-0.470336 0.492605 0)
(-0.503118 0.429581 0)
(-0.53128 0.362612 0)
(-0.554562 0.292312 0)
(-0.57275 0.219327 0)
(-0.585677 0.144328 0)
(-0.593225 0.0680028 0)
(-0.595325 -0.0089468 0)
(-0.591956 -0.0858142 0)
(-0.58315 -0.161893 0)
(-0.568989 -0.236486 0)
(-0.549601 -0.308906 0)
(-0.525165 -0.378489 0)
(-0.495905 -0.444595 0)
(-0.46209 -0.506618 0)
(-0.424032 -0.563988 0)
(-0.382078 -0.616177 0)
(-0.336616 -0.662707 0)
(-0.288061 -0.70315 0)
(-0.236861 -0.737135 0)
(-0.183485 -0.764349 0)
(-0.128423 -0.784543 0)
(-0.0721827 -0.797531 0)
(-0.0152789 -0.803193 0)
(0.0417652 -0.801478 0)
(0.0984256 -0.792402 0)
(0.154182 -0.776048 0)
(0.208522 -0.752565 0)
(0.260947 -0.722171 0)
(0.310976 -0.685143 0)
(0.358148 -0.641822 0)
(0.40203 -0.592607 0)
(0.44222 -0.537948 0)
(0.478348 -0.478348 0)
(0.510083 -0.414355 0)
(0.537132 -0.346555 0)
(0.559248 -0.275573 0)
(0.576227 -0.20206 0)
(0.587914 -0.126691 0)
(0.594201 -0.0501576 0)
(0.59503 0.026836 0)
(0.590393 0.103583 0)
(0.580334 0.179379 0)
(0.564945 0.253527 0)
(0.544367 0.325347 0)
(0.518789 0.394178 0)
(0.488445 0.459389 0)
(0.453616 0.52038 0)
(0.41462 0.576591 0)
(0.371816 0.627507 0)
(0.325596 0.672659 0)
(0.276386 0.711633 0)
(0.224638 0.744071 0)
(0.170826 0.769674 0)
(0.115445 0.788208 0)
(0.0590043 0.799502 0)
(-0.0247125 0.855776 0)
(-0.0739105 0.847916 0)
(-0.12243 0.832268 0)
(-0.169824 0.808975 0)
(-0.215659 0.778252 0)
(-0.259513 0.740381 0)
(-0.300984 0.69571 0)
(-0.339689 0.644648 0)
(-0.375275 0.587666 0)
(-0.407414 0.525286 0)
(-0.435811 0.458081 0)
(-0.460205 0.386668 0)
(-0.480373 0.311705 0)
(-0.496127 0.233878 0)
(-0.507325 0.153903 0)
(-0.513864 0.0725142 0)
(-0.515682 -0.00954035 0)
(-0.512764 -0.0915073 0)
(-0.505137 -0.172634 0)
(-0.492869 -0.252175 0)
(-0.476075 -0.329399 0)
(-0.454908 -0.403598 0)
(-0.429563 -0.474091 0)
(-0.400272 -0.540228 0)
(-0.367305 -0.601404 0)
(-0.330964 -0.657056 0)
(-0.291583 -0.706673 0)
(-0.249524 -0.749799 0)
(-0.205173 -0.786038 0)
(-0.158938 -0.815058 0)
(-0.111243 -0.836591 0)
(-0.0625261 -0.85044 0)
(-0.0132349 -0.856478 0)
(0.0361778 -0.85465 0)
(0.0852583 -0.844971 0)
(0.133556 -0.827532 0)
(0.180626 -0.802492 0)
(0.226038 -0.770081 0)
(0.269373 -0.730597 0)
(0.310235 -0.684402 0)
(0.348247 -0.631921 0)
(0.38306 -0.573636 0)
(0.414355 -0.510083 0)
(0.441844 -0.441844 0)
(0.465274 -0.369547 0)
(0.484432 -0.293855 0)
(0.499139 -0.215465 0)
(0.509263 -0.135095 0)
(0.514708 -0.0534852 0)
(0.515427 0.0286163 0)
(0.511411 0.110455 0)
(0.502697 0.191279 0)
(0.489367 0.270346 0)
(0.471542 0.346931 0)
(0.449385 0.420328 0)
(0.423101 0.489865 0)
(0.392931 0.554903 0)
(0.359152 0.614844 0)
(0.322074 0.669137 0)
(0.282038 0.717285 0)
(0.239411 0.758844 0)
(0.194586 0.793434 0)
(0.147973 0.820736 0)
(0.100001 0.840499 0)
(0.0511107 0.852543 0)
(-0.0206689 0.901158 0)
(-0.0618168 0.892881 0)
(-0.102397 0.876403 0)
(-0.142037 0.851875 0)
(-0.180372 0.819523 0)
(-0.21705 0.779643 0)
(-0.251735 0.732603 0)
(-0.284107 0.678834 0)
(-0.313871 0.618829 0)
(-0.340751 0.553141 0)
(-0.364501 0.482372 0)
(-0.384904 0.407173 0)
(-0.401771 0.328234 0)
(-0.414948 0.24628 0)
(-0.424314 0.162064 0)
(-0.429782 0.0763596 0)
(-0.431303 -0.0100463 0)
(-0.428863 -0.0963599 0)
(-0.422483 -0.181788 0)
(-0.412223 -0.265547 0)
(-0.398177 -0.346867 0)
(-0.380473 -0.425001 0)
(-0.359275 -0.499231 0)
(-0.334777 -0.568876 0)
(-0.307204 -0.633296 0)
(-0.27681 -0.691899 0)
(-0.243873 -0.744147 0)
(-0.208696 -0.78956 0)
(-0.171602 -0.827721 0)
(-0.132932 -0.85828 0)
(-0.0930408 -0.880955 0)
(-0.0522952 -0.895539 0)
(-0.0110694 -0.901897 0)
(0.0302582 -0.899972 0)
(0.0713078 -0.88978 0)
(0.111702 -0.871416 0)
(0.151071 -0.845048 0)
(0.189052 -0.810918 0)
(0.225297 -0.76934 0)
(0.259472 -0.720695 0)
(0.291264 -0.665432 0)
(0.320381 -0.604056 0)
(0.346555 -0.537132 0)
(0.369547 -0.465274 0)
(0.389143 -0.389143 0)
(0.405166 -0.309438 0)
(0.417467 -0.226891 0)
(0.425934 -0.142259 0)
(0.430489 -0.0563215 0)
(0.431089 0.0301338 0)
(0.427731 0.116312 0)
(0.420443 0.201423 0)
(0.409294 0.284683 0)
(0.394385 0.365328 0)
(0.375854 0.442618 0)
(0.353871 0.515842 0)
(0.328637 0.584329 0)
(0.300385 0.647448 0)
(0.269374 0.704621 0)
(0.235889 0.755322 0)
(0.200238 0.799085 0)
(0.162747 0.835509 0)
(0.123761 0.864259 0)
(0.0836384 0.88507 0)
(0.0427477 0.897753 0)
(-0.0164354 0.938262 0)
(-0.0491554 0.929644 0)
(-0.0814238 0.912488 0)
(-0.112944 0.88695 0)
(-0.143428 0.853266 0)
(-0.172593 0.811744 0)
(-0.200174 0.762767 0)
(-0.225916 0.706784 0)
(-0.249583 0.644309 0)
(-0.270957 0.575916 0)
(-0.289843 0.502234 0)
(-0.306067 0.423938 0)
(-0.319479 0.341749 0)
(-0.329958 0.256421 0)
(-0.337405 0.168737 0)
(-0.341753 0.0795037 0)
(-0.342963 -0.0104599 0)
(-0.341022 -0.100327 0)
(-0.335949 -0.189273 0)
(-0.327791 -0.276481 0)
(-0.316621 -0.361149 0)
(-0.302544 -0.4425 0)
(-0.285688 -0.519787 0)
(-0.266207 -0.592299 0)
(-0.244282 -0.659371 0)
(-0.220113 -0.720387 0)
(-0.193922 -0.774787 0)
(-0.16595 -0.82207 0)
(-0.136454 -0.861802 0)
(-0.105704 -0.893619 0)
(-0.0739839 -0.917227 0)
(-0.041584 -0.932412 0)
(-0.0088021 -0.939032 0)
(0.0240606 -0.937027 0)
(0.0567024 -0.926416 0)
(0.0888233 -0.907295 0)
(0.120128 -0.879842 0)
(0.15033 -0.844307 0)
(0.179151 -0.801017 0)
(0.206327 -0.750369 0)
(0.231607 -0.69283 0)
(0.25476 -0.628927 0)
(0.275573 -0.559248 0)
(0.293855 -0.484432 0)
(0.309438 -0.405166 0)
(0.322179 -0.322179 0)
(0.331961 -0.236233 0)
(0.338693 -0.148117 0)
(0.342315 -0.0586405 0)
(0.342793 0.0313746 0)
(0.340122 0.121101 0)
(0.334327 0.209716 0)
(0.325461 0.296404 0)
(0.313606 0.38037 0)
(0.298871 0.460842 0)
(0.28139 0.537082 0)
(0.261325 0.608388 0)
(0.23886 0.674107 0)
(0.214201 0.733633 0)
(0.187574 0.786422 0)
(0.159224 0.831987 0)
(0.129412 0.86991 0)
(0.0984119 0.899844 0)
(0.0665074 0.921512 0)
(0.033992 0.934717 0)
(-0.012051 0.966749 0)
(-0.0360424 0.957869 0)
(-0.0597028 0.940192 0)
(-0.0828147 0.913879 0)
(-0.105166 0.879172 0)
(-0.126551 0.83639 0)
(-0.146774 0.785925 0)
(-0.165649 0.728243 0)
(-0.183003 0.663871 0)
(-0.198675 0.593402 0)
(-0.212523 0.517482 0)
(-0.224419 0.436809 0)
(-0.234253 0.352125 0)
(-0.241936 0.264206 0)
(-0.247397 0.17386 0)
(-0.250585 0.0819175 0)
(-0.251472 -0.0107775 0)
(-0.250049 -0.103373 0)
(-0.24633 -0.19502 0)
(-0.240347 -0.284875 0)
(-0.232158 -0.372114 0)
(-0.221836 -0.455935 0)
(-0.209476 -0.535568 0)
(-0.195192 -0.610282 0)
(-0.179116 -0.67939 0)
(-0.161394 -0.742259 0)
(-0.14219 -0.79831 0)
(-0.12168 -0.847028 0)
(-0.100053 -0.887967 0)
(-0.0775061 -0.92075 0)
(-0.0542476 -0.945075 0)
(-0.0304908 -0.960721 0)
(-0.00645401 -0.967542 0)
(0.0176421 -0.965476 0)
(0.0415761 -0.954543 0)
(0.0651283 -0.934842 0)
(0.0880823 -0.906554 0)
(0.110227 -0.86994 0)
(0.13136 -0.825336 0)
(0.151286 -0.773151 0)
(0.169822 -0.713865 0)
(0.186799 -0.648022 0)
(0.20206 -0.576227 0)
(0.215465 -0.499139 0)
(0.226891 -0.417467 0)
(0.236233 -0.331961 0)
(0.243405 -0.243405 0)
(0.248342 -0.152614 0)
(0.250997 -0.0604208 0)
(0.251347 0.0323271 0)
(0.249389 0.124778 0)
(0.24514 0.216083 0)
(0.238639 0.305403 0)
(0.229947 0.391919 0)
(0.219142 0.474834 0)
(0.206325 0.553388 0)
(0.191613 0.626859 0)
(0.17514 0.694573 0)
(0.157059 0.755907 0)
(0.137536 0.810298 0)
(0.116749 0.857247 0)
(0.0948897 0.896322 0)
(0.072159 0.927164 0)
(0.0487655 0.94949 0)
(0.0249241 0.963096 0)
(-0.00755594 0.986356 0)
(-0.0225984 0.977296 0)
(-0.0374334 0.95926 0)
(-0.0519245 0.932413 0)
(-0.0659386 0.897003 0)
(-0.0793472 0.853353 0)
(-0.0920269 0.801865 0)
(-0.103861 0.743012 0)
(-0.114742 0.677335 0)
(-0.124569 0.605437 0)
(-0.133251 0.527977 0)
(-0.14071 0.445668 0)
(-0.146876 0.359266 0)
(-0.151693 0.269564 0)
(-0.155117 0.177386 0)
(-0.157116 0.0835789 0)
(-0.157672 -0.0109961 0)
(-0.15678 -0.10547 0)
(-0.154448 -0.198975 0)
(-0.150697 -0.290653 0)
(-0.145562 -0.379661 0)
(-0.13909 -0.465182 0)
(-0.131341 -0.54643 0)
(-0.122385 -0.622659 0)
(-0.112305 -0.693169 0)
(-0.101194 -0.757313 0)
(-0.0891527 -0.814501 0)
(-0.076293 -0.864207 0)
(-0.0627326 -0.905976 0)
(-0.048596 -0.939424 0)
(-0.034013 -0.964243 0)
(-0.0191176 -0.980205 0)
(-0.00404663 -0.987165 0)
(0.0110615 -0.985057 0)
(0.026068 -0.973902 0)
(0.0408352 -0.953802 0)
(0.0552272 -0.924941 0)
(0.069112 -0.887584 0)
(0.082362 -0.842075 0)
(0.0948555 -0.788832 0)
(0.106478 -0.728343 0)
(0.117122 -0.661165 0)
(0.126691 -0.587914 0)
(0.135095 -0.509263 0)
(0.142259 -0.425934 0)
(0.148117 -0.338693 0)
(0.152614 -0.248342 0)
(0.155709 -0.155709 0)
(0.157374 -0.0616463 0)
(0.157594 0.0329828 0)
(0.156366 0.127309 0)
(0.153702 0.220466 0)
(0.149626 0.311597 0)
(0.144176 0.399867 0)
(0.137401 0.484464 0)
(0.129365 0.564612 0)
(0.12014 0.639573 0)
(0.109812 0.70866 0)
(0.0984754 0.771238 0)
(0.0862342 0.826732 0)
(0.073201 0.874633 0)
(0.0594954 0.9145 0)
(0.0452434 0.945968 0)
(0.0305757 0.968747 0)
(0.0156273 0.982628 0)
(-0.00299145 0.996903 0)
(-0.00894687 0.987747 0)
(-0.0148201 0.969518 0)
(-0.0205572 0.942384 0)
(-0.0261055 0.906594 0)
(-0.0314141 0.862478 0)
(-0.0364341 0.81044 0)
(-0.0411194 0.750958 0)
(-0.0454271 0.684578 0)
(-0.0493175 0.611911 0)
(-0.052755 0.533623 0)
(-0.0557079 0.450434 0)
(-0.0581491 0.363108 0)
(-0.0600562 0.272447 0)
(-0.0614118 0.179283 0)
(-0.0622032 0.0844726 0)
(-0.0624234 -0.0111137 0)
(-0.0620701 -0.106598 0)
(-0.0611468 -0.201103 0)
(-0.0596618 -0.293761 0)
(-0.0576289 -0.383721 0)
(-0.0550666 -0.470156 0)
(-0.0519986 -0.552273 0)
(-0.0484529 -0.629317 0)
(-0.0444623 -0.700582 0)
(-0.0400632 -0.765411 0)
(-0.0352961 -0.82321 0)
(-0.0302049 -0.873448 0)
(-0.0248362 -0.915664 0)
(-0.0192395 -0.949469 0)
(-0.013466 -0.974554 0)
(-0.00756879 -0.990687 0)
(-0.00160209 -0.997721 0)
(0.00437932 -0.995591 0)
(0.0103205 -0.984316 0)
(0.0161669 -0.964001 0)
(0.0218648 -0.934831 0)
(0.0273619 -0.897075 0)
(0.0326077 -0.85108 0)
(0.0375539 -0.797267 0)
(0.0421553 -0.736132 0)
(0.0463694 -0.668235 0)
(0.0501576 -0.594201 0)
(0.0534852 -0.514708 0)
(0.0563215 -0.430489 0)
(0.0586405 -0.342315 0)
(0.0604208 -0.250997 0)
(0.0616463 -0.157374 0)
(0.0623055 -0.0623055 0)
(0.0623924 0.0333355 0)
(0.0619063 0.12867 0)
(0.0608515 0.222823 0)
(0.0592379 0.314929 0)
(0.0570801 0.404143 0)
(0.0543981 0.489645 0)
(0.0512164 0.570649 0)
(0.0475643 0.646412 0)
(0.0434754 0.716238 0)
(0.0389871 0.779485 0)
(0.0341407 0.835573 0)
(0.0289808 0.883986 0)
(0.0235546 0.924279 0)
(0.0179121 0.956084 0)
(0.0121051 0.979106 0)
(0.00618695 0.993136 0)
(0.00160052 0.998294 0)
(0.00478687 0.989125 0)
(0.00792925 0.97087 0)
(0.0109988 0.943699 0)
(0.0139673 0.907859 0)
(0.0168076 0.863681 0)
(0.0194934 0.81157 0)
(0.0220002 0.752005 0)
(0.024305 0.685533 0)
(0.0263865 0.612765 0)
(0.0282256 0.534368 0)
(0.0298055 0.451063 0)
(0.0311117 0.363615 0)
(0.0321321 0.272827 0)
(0.0328573 0.179533 0)
(0.0332808 0.0845905 0)
(0.0333985 -0.0111292 0)
(0.0332096 -0.106747 0)
(0.0327155 -0.201383 0)
(0.031921 -0.294171 0)
(0.0308333 -0.384256 0)
(0.0294624 -0.470812 0)
(0.0278209 -0.553044 0)
(0.0259239 -0.630196 0)
(0.0237888 -0.701559 0)
(0.0214351 -0.766479 0)
(0.0188846 -0.824359 0)
(0.0161606 -0.874667 0)
(0.0132882 -0.916942 0)
(0.0102937 -0.950794 0)
(0.00720473 -0.975913 0)
(0.00404955 -0.992069 0)
(0.00085717 -0.999113 0)
(-0.00234308 -0.99698 0)
(-0.00552181 -0.98569 0)
(-0.00864983 -0.965346 0)
(-0.0116984 -0.936136 0)
(-0.0146395 -0.898327 0)
(-0.0174462 -0.852267 0)
(-0.0200926 -0.79838 0)
(-0.0225544 -0.737159 0)
(-0.0248091 -0.669167 0)
(-0.026836 -0.59503 0)
(-0.0286163 -0.515427 0)
(-0.0301338 -0.431089 0)
(-0.0313746 -0.342793 0)
(-0.0323271 -0.251347 0)
(-0.0329828 -0.157594 0)
(-0.0333355 -0.0623924 0)
(-0.033382 0.033382 0)
(-0.0331219 0.12885 0)
(-0.0325576 0.223134 0)
(-0.0316942 0.315369 0)
(-0.0305397 0.404707 0)
(-0.0291048 0.490328 0)
(-0.0274025 0.571445 0)
(-0.0254485 0.647314 0)
(-0.0232607 0.717237 0)
(-0.0208594 0.780573 0)
(-0.0182664 0.836738 0)
(-0.0155057 0.885219 0)
(-0.0126025 0.925569 0)
(-0.00958358 0.957418 0)
(-0.00647665 0.980472 0)
(-0.00331022 0.994522 0)
(0.00617779 0.990516 0)
(0.0184766 0.981418 0)
(0.0306058 0.963306 0)
(0.0424538 0.936346 0)
(0.0539119 0.900786 0)
(0.0648748 0.856952 0)
(0.0752419 0.805247 0)
(0.0849178 0.746146 0)
(0.0938138 0.680192 0)
(0.101848 0.60799 0)
(0.108947 0.530204 0)
(0.115045 0.447548 0)
(0.120087 0.360781 0)
(0.124025 0.270701 0)
(0.126825 0.178134 0)
(0.128459 0.0839314 0)
(0.128914 -0.0110424 0)
(0.128184 -0.105915 0)
(0.126277 -0.199814 0)
(0.123211 -0.291879 0)
(0.119012 -0.381262 0)
(0.113721 -0.467144 0)
(0.107385 -0.548735 0)
(0.100063 -0.625285 0)
(0.0918213 -0.696093 0)
(0.0827365 -0.760507 0)
(0.0728919 -0.817936 0)
(0.0623777 -0.867852 0)
(0.0512906 -0.909797 0)
(0.0397324 -0.943386 0)
(0.0278093 -0.968309 0)
(0.0156307 -0.984339 0)
(0.00330856 -0.991328 0)
(-0.00904397 -0.989212 0)
(-0.0213134 -0.978009 0)
(-0.0333871 -0.957824 0)
(-0.0451541 -0.928842 0)
(-0.0565064 -0.891327 0)
(-0.0673397 -0.845627 0)
(-0.0775545 -0.792159 0)
(-0.087057 -0.731415 0)
(-0.0957598 -0.663953 0)
(-0.103583 -0.590393 0)
(-0.110455 -0.511411 0)
(-0.116312 -0.427731 0)
(-0.121101 -0.340122 0)
(-0.124778 -0.249389 0)
(-0.127309 -0.156366 0)
(-0.12867 -0.0619063 0)
(-0.12885 0.0331219 0)
(-0.127846 0.127846 0)
(-0.125668 0.221395 0)
(-0.122335 0.312912 0)
(-0.117879 0.401554 0)
(-0.11234 0.486508 0)
(-0.10577 0.566993 0)
(-0.0982275 0.64227 0)
(-0.0897832 0.711649 0)
(-0.0805142 0.774491 0)
(-0.0705057 0.830219 0)
(-0.0598497 0.878322 0)
(-0.0486439 0.918357 0)
(-0.0369913 0.949958 0)
(-0.0249989 0.972833 0)
(-0.012777 0.986773 0)
(0.0106983 0.973639 0)
(0.0319967 0.964697 0)
(0.0530012 0.946893 0)
(0.0735189 0.920393 0)
(0.0933613 0.885438 0)
(0.112346 0.842351 0)
(0.130299 0.791527 0)
(0.147055 0.733433 0)
(0.162461 0.668603 0)
(0.176374 0.597631 0)
(0.188668 0.521171 0)
(0.199228 0.439923 0)
(0.207959 0.354635 0)
(0.214779 0.266089 0)
(0.219627 0.175099 0)
(0.222457 0.0825014 0)
(0.223245 -0.0108543 0)
(0.221981 -0.10411 0)
(0.218679 -0.19641 0)
(0.213369 -0.286906 0)
(0.206098 -0.374766 0)
(0.196935 -0.459185 0)
(0.185963 -0.539385 0)
(0.173282 -0.614632 0)
(0.15901 -0.684233 0)
(0.143278 -0.74755 0)
(0.12623 -0.804 0)
(0.108022 -0.853066 0)
(0.0888219 -0.894296 0)
(0.0688061 -0.927313 0)
(0.0481584 -0.951812 0)
(0.0270683 -0.967568 0)
(0.00572955 -0.974438 0)
(-0.0156618 -0.972358 0)
(-0.0369093 -0.961346 0)
(-0.0578177 -0.941505 0)
(-0.0781952 -0.913016 0)
(-0.0978544 -0.876141 0)
(-0.116615 -0.831219 0)
(-0.134304 -0.778662 0)
(-0.15076 -0.718953 0)
(-0.165831 -0.652641 0)
(-0.179379 -0.580334 0)
(-0.191279 -0.502697 0)
(-0.201423 -0.420443 0)
(-0.209716 -0.334327 0)
(-0.216083 -0.24514 0)
(-0.220466 -0.153702 0)
(-0.222823 -0.0608515 0)
(-0.223134 0.0325576 0)
(-0.221395 0.125668 0)
(-0.217623 0.217623 0)
(-0.211852 0.30758 0)
(-0.204136 0.394712 0)
(-0.194544 0.478219 0)
(-0.183165 0.557333 0)
(-0.170104 0.631328 0)
(-0.155481 0.699524 0)
(-0.13943 0.761295 0)
(-0.122097 0.816074 0)
(-0.103644 0.863357 0)
(-0.0842385 0.902711 0)
(-0.0640592 0.933773 0)
(-0.0432916 0.956258 0)
(-0.0221264 0.96996 0)
(0.0151206 0.947821 0)
(0.0452229 0.939115 0)
(0.0749098 0.921784 0)
(0.103909 0.895986 0)
(0.131953 0.861958 0)
(0.158786 0.820014 0)
(0.18416 0.770538 0)
(0.207842 0.713984 0)
(0.229616 0.650873 0)
(0.249281 0.581783 0)
(0.266655 0.50735 0)
(0.281581 0.428257 0)
(0.293921 0.34523 0)
(0.30356 0.259033 0)
(0.310412 0.170456 0)
(0.314413 0.0803136 0)
(0.315525 -0.0105665 0)
(0.31374 -0.101349 0)
(0.309073 -0.191202 0)
(0.301567 -0.279298 0)
(0.291291 -0.364828 0)
(0.27834 -0.447008 0)
(0.262832 -0.525082 0)
(0.24491 -0.598333 0)
(0.224739 -0.666089 0)
(0.202504 -0.727726 0)
(0.178408 -0.78268 0)
(0.152674 -0.830444 0)
(0.125537 -0.870581 0)
(0.0972479 -0.902722 0)
(0.0680651 -0.926572 0)
(0.0382572 -0.941911 0)
(0.00809792 -0.948598 0)
(-0.0221358 -0.946573 0)
(-0.0521661 -0.935854 0)
(-0.0817173 -0.916538 0)
(-0.110518 -0.888805 0)
(-0.138304 -0.852908 0)
(-0.164819 -0.809177 0)
(-0.18982 -0.758014 0)
(-0.213078 -0.699888 0)
(-0.234379 -0.635334 0)
(-0.253527 -0.564945 0)
(-0.270346 -0.489367 0)
(-0.284683 -0.409294 0)
(-0.296404 -0.325461 0)
(-0.305403 -0.238639 0)
(-0.311597 -0.149626 0)
(-0.314929 -0.0592379 0)
(-0.315369 0.0316942 0)
(-0.312912 0.122335 0)
(-0.30758 0.211852 0)
(-0.299424 0.299424 0)
(-0.288517 0.384245 0)
(-0.274961 0.465537 0)
(-0.258879 0.542553 0)
(-0.240419 0.614586 0)
(-0.219751 0.680974 0)
(-0.197064 0.741107 0)
(-0.172568 0.794433 0)
(-0.146486 0.840463 0)
(-0.119059 0.878773 0)
(-0.0905388 0.909011 0)
(-0.0611867 0.9309 0)
(-0.0312726 0.944239 0)
(0.019404 0.913296 0)
(0.0580337 0.904907 0)
(0.0961304 0.888207 0)
(0.133344 0.863349 0)
(0.169333 0.830561 0)
(0.203767 0.790145 0)
(0.236329 0.742471 0)
(0.26672 0.687977 0)
(0.294662 0.627165 0)
(0.319897 0.560592 0)
(0.342194 0.48887 0)
(0.361348 0.412658 0)
(0.377183 0.332655 0)
(0.389554 0.249597 0)
(0.398346 0.164247 0)
(0.40348 0.0773882 0)
(0.404908 -0.0101816 0)
(0.402617 -0.0976578 0)
(0.396627 -0.184237 0)
(0.386995 -0.269124 0)
(0.373809 -0.351539 0)
(0.357189 -0.430726 0)
(0.337288 -0.505956 0)
(0.314289 -0.576539 0)
(0.288404 -0.641826 0)
(0.259869 -0.701219 0)
(0.228948 -0.75417 0)
(0.195924 -0.800195 0)
(0.1611 -0.83887 0)
(0.124796 -0.86984 0)
(0.0873467 -0.892821 0)
(0.0490948 -0.907601 0)
(0.0103919 -0.914045 0)
(-0.0284064 -0.912094 0)
(-0.0669438 -0.901765 0)
(-0.104866 -0.883153 0)
(-0.141826 -0.85643 0)
(-0.177482 -0.821841 0)
(-0.211509 -0.779702 0)
(-0.243593 -0.730403 0)
(-0.273439 -0.674395 0)
(-0.300774 -0.612192 0)
(-0.325347 -0.544367 0)
(-0.346931 -0.471542 0)
(-0.365328 -0.394385 0)
(-0.38037 -0.313606 0)
(-0.391919 -0.229947 0)
(-0.399867 -0.144176 0)
(-0.404143 -0.0570801 0)
(-0.404707 0.0305397 0)
(-0.401554 0.117879 0)
(-0.394712 0.204136 0)
(-0.384245 0.288517 0)
(-0.370249 0.370249 0)
(-0.352852 0.44858 0)
(-0.332214 0.522791 0)
(-0.308525 0.5922 0)
(-0.282002 0.656169 0)
(-0.252889 0.714112 0)
(-0.221453 0.765496 0)
(-0.187983 0.809849 0)
(-0.152787 0.846763 0)
(-0.116187 0.8759 0)
(-0.0785197 0.896992 0)
(-0.0401315 0.909845 0)
(0.0235091 0.870383 0)
(0.0703115 0.862389 0)
(0.116468 0.846473 0)
(0.161555 0.822783 0)
(0.205158 0.791536 0)
(0.246876 0.753018 0)
(0.286327 0.707584 0)
(0.323148 0.655651 0)
(0.357001 0.597696 0)
(0.387575 0.534251 0)
(0.41459 0.465899 0)
(0.437796 0.393268 0)
(0.456981 0.317025 0)
(0.471969 0.23787 0)
(0.482621 0.15653 0)
(0.488841 0.0737519 0)
(0.490571 -0.00970319 0)
(0.487795 -0.0930692 0)
(0.480539 -0.17558 0)
(0.468869 -0.256479 0)
(0.452893 -0.335021 0)
(0.432756 -0.410487 0)
(0.408645 -0.482182 0)
(0.380781 -0.549449 0)
(0.349419 -0.611669 0)
(0.314848 -0.66827 0)
(0.277385 -0.718734 0)
(0.237374 -0.762596 0)
(0.195183 -0.799454 0)
(0.151199 -0.828969 0)
(0.105826 -0.85087 0)
(0.0594814 -0.864956 0)
(0.0125905 -0.871097 0)
(-0.0344161 -0.869237 0)
(-0.0811066 -0.859394 0)
(-0.127052 -0.841656 0)
(-0.171831 -0.816189 0)
(-0.215031 -0.783225 0)
(-0.256256 -0.743067 0)
(-0.295128 -0.696083 0)
(-0.331289 -0.642707 0)
(-0.364407 -0.583427 0)
(-0.394178 -0.518789 0)
(-0.420328 -0.449385 0)
(-0.442618 -0.375854 0)
(-0.460842 -0.298871 0)
(-0.474834 -0.219142 0)
(-0.484464 -0.137401 0)
(-0.489645 -0.0543981 0)
(-0.490328 0.0291048 0)
(-0.486508 0.11234 0)
(-0.478219 0.194544 0)
(-0.465537 0.274961 0)
(-0.44858 0.352852 0)
(-0.427502 0.427502 0)
(-0.402498 0.498226 0)
(-0.373797 0.564374 0)
(-0.341663 0.625338 0)
(-0.306391 0.680558 0)
(-0.268304 0.729528 0)
(-0.227753 0.771796 0)
(-0.185111 0.806976 0)
(-0.140768 0.834744 0)
(-0.0951316 0.854845 0)
(-0.0486219 0.867094 0)
(0.0273984 0.819475 0)
(0.0819434 0.811949 0)
(0.135736 0.796964 0)
(0.188282 0.77466 0)
(0.239098 0.74524 0)
(0.287718 0.708975 0)
(0.333696 0.666199 0)
(0.376608 0.617303 0)
(0.416062 0.562738 0)
(0.451694 0.503004 0)
(0.483177 0.438649 0)
(0.510223 0.370266 0)
(0.532581 0.298482 0)
(0.550049 0.223957 0)
(0.562464 0.147374 0)
(0.569713 0.0694383 0)
(0.571729 -0.00913566 0)
(0.568494 -0.0876257 0)
(0.560037 -0.165311 0)
(0.546437 -0.241478 0)
(0.527817 -0.315427 0)
(0.504349 -0.386478 0)
(0.47625 -0.45398 0)
(0.443775 -0.517312 0)
(0.407225 -0.575893 0)
(0.366935 -0.629184 0)
(0.323274 -0.676696 0)
(0.276644 -0.717993 0)
(0.227473 -0.752695 0)
(0.176212 -0.780484 0)
(0.123333 -0.801104 0)
(0.0693217 -0.814366 0)
(0.0146734 -0.820148 0)
(-0.0401098 -0.818397 0)
(-0.0945245 -0.809129 0)
(-0.148071 -0.792429 0)
(-0.200258 -0.768451 0)
(-0.250605 -0.737415 0)
(-0.29865 -0.699606 0)
(-0.343952 -0.655371 0)
(-0.386096 -0.605116 0)
(-0.424692 -0.549303 0)
(-0.459389 -0.488445 0)
(-0.489865 -0.423101 0)
(-0.515842 -0.353871 0)
(-0.537082 -0.28139 0)
(-0.553388 -0.206325 0)
(-0.564612 -0.129365 0)
(-0.570649 -0.0512164 0)
(-0.571445 0.0274025 0)
(-0.566993 0.10577 0)
(-0.557333 0.183165 0)
(-0.542553 0.258879 0)
(-0.522791 0.332214 0)
(-0.498226 0.402498 0)
(-0.469086 0.469086 0)
(-0.435637 0.531364 0)
(-0.398186 0.588763 0)
(-0.357079 0.640753 0)
(-0.312691 0.686858 0)
(-0.265432 0.726655 0)
(-0.215734 0.759777 0)
(-0.164055 0.785921 0)
(-0.11087 0.804846 0)
(-0.0566656 0.816379 0)
(0.0310359 0.761041 0)
(0.0928228 0.754051 0)
(0.153757 0.740135 0)
(0.213279 0.719421 0)
(0.270842 0.692099 0)
(0.325917 0.65842 0)
(0.377999 0.618694 0)
(0.426609 0.573285 0)
(0.471301 0.522611 0)
(0.511664 0.467136 0)
(0.547327 0.407371 0)
(0.577963 0.343864 0)
(0.60329 0.277199 0)
(0.623077 0.207987 0)
(0.63714 0.136866 0)
(0.645351 0.0644868 0)
(0.647635 -0.00848423 0)
(0.643971 -0.0813774 0)
(0.634391 -0.153523 0)
(0.618985 -0.224259 0)
(0.597893 -0.292934 0)
(0.57131 -0.35892 0)
(0.539479 -0.421608 0)
(0.502694 -0.480424 0)
(0.461291 -0.534828 0)
(0.415651 -0.584319 0)
(0.366194 -0.628443 0)
(0.313373 -0.666795 0)
(0.257673 -0.699023 0)
(0.199607 -0.72483 0)
(0.139708 -0.74398 0)
(0.0785253 -0.756296 0)
(0.0166215 -0.761665 0)
(-0.045435 -0.760039 0)
(-0.107074 -0.751432 0)
(-0.16773 -0.735923 0)
(-0.226845 -0.713655 0)
(-0.283877 -0.684832 0)
(-0.338301 -0.649719 0)
(-0.389618 -0.608638 0)
(-0.437356 -0.561967 0)
(-0.481077 -0.510134 0)
(-0.52038 -0.453616 0)
(-0.554903 -0.392931 0)
(-0.584329 -0.328637 0)
(-0.608388 -0.261325 0)
(-0.626859 -0.191613 0)
(-0.639573 -0.12014 0)
(-0.646412 -0.0475643 0)
(-0.647314 0.0254485 0)
(-0.64227 0.0982275 0)
(-0.631328 0.170104 0)
(-0.614586 0.240419 0)
(-0.5922 0.308525 0)
(-0.564374 0.373797 0)
(-0.531364 0.435637 0)
(-0.493474 0.493474 0)
(-0.451052 0.54678 0)
(-0.404487 0.595063 0)
(-0.354206 0.637881 0)
(-0.300672 0.674839 0)
(-0.244377 0.7056 0)
(-0.185836 0.729879 0)
(-0.125589 0.747455 0)
(-0.0641889 0.758165 0)
(0.0343885 0.695617 0)
(0.10285 0.689228 0)
(0.170366 0.676508 0)
(0.236318 0.657575 0)
(0.300099 0.632601 0)
(0.361123 0.601818 0)
(0.418831 0.565507 0)
(0.472692 0.524002 0)
(0.522211 0.477683 0)
(0.566934 0.426978 0)
(0.606449 0.37235 0)
(0.640395 0.314303 0)
(0.668458 0.253369 0)
(0.690382 0.190107 0)
(0.705964 0.1251 0)
(0.715063 0.0589431 0)
(0.717593 -0.00775486 0)
(0.713533 -0.0743816 0)
(0.702918 -0.140325 0)
(0.685848 -0.20498 0)
(0.662478 -0.267752 0)
(0.633023 -0.328064 0)
(0.597754 -0.385364 0)
(0.556995 -0.439124 0)
(0.51112 -0.48885 0)
(0.46055 -0.534087 0)
(0.40575 -0.574418 0)
(0.347223 -0.609473 0)
(0.285507 -0.63893 0)
(0.221169 -0.662518 0)
(0.154799 -0.680022 0)
(0.0870076 -0.691279 0)
(0.0184169 -0.696187 0)
(-0.0503429 -0.694701 0)
(-0.11864 -0.686834 0)
(-0.185848 -0.672658 0)
(-0.251349 -0.652304 0)
(-0.314541 -0.625959 0)
(-0.374844 -0.593865 0)
(-0.431704 -0.556315 0)
(-0.484599 -0.513656 0)
(-0.533043 -0.466279 0)
(-0.576591 -0.41462 0)
(-0.614844 -0.359152 0)
(-0.647448 -0.300385 0)
(-0.674107 -0.23886 0)
(-0.694573 -0.17514 0)
(-0.70866 -0.109812 0)
(-0.716238 -0.0434754 0)
(-0.717237 0.0232607 0)
(-0.711649 0.0897832 0)
(-0.699524 0.155481 0)
(-0.680974 0.219751 0)
(-0.656169 0.282002 0)
(-0.625338 0.341663 0)
(-0.588763 0.398186 0)
(-0.54678 0.451052 0)
(-0.499775 0.499775 0)
(-0.448179 0.543907 0)
(-0.392468 0.583044 0)
(-0.333151 0.616826 0)
(-0.270774 0.644942 0)
(-0.205911 0.667134 0)
(-0.139156 0.683199 0)
(-0.0711226 0.692988 0)
(0.0374251 0.623803 0)
(0.111932 0.618074 0)
(0.18541 0.606667 0)
(0.257185 0.589688 0)
(0.326599 0.567293 0)
(0.393012 0.539688 0)
(0.455816 0.507125 0)
(0.514433 0.469905 0)
(0.568325 0.428369 0)
(0.616997 0.382898 0)
(0.660002 0.33391 0)
(0.696945 0.281855 0)
(0.727486 0.227212 0)
(0.751346 0.170481 0)
(0.768304 0.112185 0)
(0.778206 0.052858 0)
(0.78096 -0.00695427 0)
(0.776541 -0.0667026 0)
(0.764989 -0.125838 0)
(0.746411 -0.183818 0)
(0.720978 -0.24011 0)
(0.688922 -0.294196 0)
(0.650539 -0.34558 0)
(0.60618 -0.39379 0)
(0.556254 -0.438383 0)
(0.501219 -0.478949 0)
(0.44158 -0.515117 0)
(0.377885 -0.546553 0)
(0.310719 -0.572969 0)
(0.240699 -0.594122 0)
(0.168469 -0.609818 0)
(0.0946908 -0.619914 0)
(0.0200433 -0.624315 0)
(-0.0547884 -0.622982 0)
(-0.129117 -0.615927 0)
(-0.202259 -0.603215 0)
(-0.273544 -0.584962 0)
(-0.342316 -0.561337 0)
(-0.407945 -0.532556 0)
(-0.469826 -0.498883 0)
(-0.527392 -0.460628 0)
(-0.580114 -0.418142 0)
(-0.627507 -0.371816 0)
(-0.669137 -0.322074 0)
(-0.704621 -0.269374 0)
(-0.733633 -0.214201 0)
(-0.755907 -0.157059 0)
(-0.771238 -0.0984754 0)
(-0.779485 -0.0389871 0)
(-0.780573 0.0208594 0)
(-0.774491 0.0805142 0)
(-0.761295 0.13943 0)
(-0.741107 0.197064 0)
(-0.714112 0.252889 0)
(-0.680558 0.306391 0)
(-0.640753 0.357079 0)
(-0.595063 0.404487 0)
(-0.543907 0.448179 0)
(-0.487756 0.487756 0)
(-0.427124 0.522852 0)
(-0.36257 0.553146 0)
(-0.294685 0.57836 0)
(-0.224093 0.598261 0)
(-0.151444 0.612667 0)
(-0.0774031 0.621446 0)
(0.040118 0.54626 0)
(0.119986 0.541243 0)
(0.198751 0.531254 0)
(0.275691 0.516386 0)
(0.350099 0.496775 0)
(0.421291 0.472601 0)
(0.488614 0.444086 0)
(0.551449 0.411493 0)
(0.609218 0.375119 0)
(0.661393 0.335301 0)
(0.707492 0.292403 0)
(0.747093 0.246819 0)
(0.779832 0.198968 0)
(0.805409 0.149289 0)
(0.823587 0.0982394 0)
(0.834202 0.0462874 0)
(0.837154 -0.00608981 0)
(0.832417 -0.058411 0)
(0.820034 -0.110196 0)
(0.800119 -0.160968 0)
(0.772856 -0.210262 0)
(0.738493 -0.257625 0)
(0.697348 -0.302622 0)
(0.649798 -0.344839 0)
(0.596279 -0.383889 0)
(0.537284 -0.419412 0)
(0.473353 -0.451084 0)
(0.405075 -0.478612 0)
(0.333077 -0.501745 0)
(0.258019 -0.520268 0)
(0.180591 -0.534014 0)
(0.101504 -0.542854 0)
(0.0214855 -0.546708 0)
(-0.0587307 -0.545541 0)
(-0.138407 -0.539363 0)
(-0.216813 -0.528231 0)
(-0.293227 -0.512247 0)
(-0.366948 -0.491559 0)
(-0.437298 -0.466355 0)
(-0.503632 -0.436868 0)
(-0.56534 -0.403369 0)
(-0.621856 -0.366164 0)
(-0.672659 -0.325596 0)
(-0.717285 -0.282038 0)
(-0.755322 -0.235889 0)
(-0.786422 -0.187574 0)
(-0.810298 -0.137536 0)
(-0.826732 -0.0862342 0)
(-0.835573 -0.0341407 0)
(-0.836738 0.0182664 0)
(-0.830219 0.0705057 0)
(-0.816074 0.122097 0)
(-0.794433 0.172568 0)
(-0.765496 0.221453 0)
(-0.729528 0.268304 0)
(-0.686858 0.312691 0)
(-0.637881 0.354206 0)
(-0.583044 0.392468 0)
(-0.522852 0.427124 0)
(-0.457858 0.457858 0)
(-0.388658 0.484386 0)
(-0.315889 0.506465 0)
(-0.240218 0.523893 0)
(-0.162341 0.536508 0)
(-0.0829726 0.544196 0)
(0.0424425 0.463699 0)
(0.126938 0.45944 0)
(0.210267 0.450962 0)
(0.291665 0.43834 0)
(0.370384 0.421693 0)
(0.445701 0.401173 0)
(0.516924 0.376968 0)
(0.5834 0.3493 0)
(0.644516 0.318425 0)
(0.699714 0.284624 0)
(0.748484 0.248209 0)
(0.790379 0.209515 0)
(0.825015 0.168896 0)
(0.852074 0.126726 0)
(0.871306 0.0833917 0)
(0.882535 0.0392916 0)
(0.885658 -0.00516941 0)
(0.880647 -0.0495829 0)
(0.867547 -0.093541 0)
(0.846478 -0.13664 0)
(0.817635 -0.178484 0)
(0.781282 -0.218688 0)
(0.737752 -0.256884 0)
(0.687447 -0.292721 0)
(0.630827 -0.325869 0)
(0.568414 -0.356023 0)
(0.500779 -0.382908 0)
(0.428545 -0.406276 0)
(0.352375 -0.425912 0)
(0.272968 -0.441636 0)
(0.191054 -0.453304 0)
(0.107385 -0.460808 0)
(0.0227303 -0.46408 0)
(-0.0621336 -0.463089 0)
(-0.146427 -0.457845 0)
(-0.229375 -0.448395 0)
(-0.310217 -0.434827 0)
(-0.388209 -0.417266 0)
(-0.462635 -0.395871 0)
(-0.532812 -0.370841 0)
(-0.598096 -0.342404 0)
(-0.657886 -0.310823 0)
(-0.711633 -0.276386 0)
(-0.758844 -0.239411 0)
(-0.799085 -0.200238 0)
(-0.831987 -0.159224 0)
(-0.857247 -0.116749 0)
(-0.874633 -0.073201 0)
(-0.883986 -0.0289808 0)
(-0.885219 0.0155057 0)
(-0.878322 0.0598497 0)
(-0.863357 0.103644 0)
(-0.840463 0.146486 0)
(-0.809849 0.187983 0)
(-0.771796 0.227753 0)
(-0.726655 0.265432 0)
(-0.674839 0.300672 0)
(-0.616826 0.333151 0)
(-0.553146 0.36257 0)
(-0.484386 0.388658 0)
(-0.411177 0.411177 0)
(-0.334191 0.429919 0)
(-0.254136 0.444713 0)
(-0.171747 0.455422 0)
(-0.08778 0.461947 0)
(0.0443771 0.37688 0)
(0.132724 0.373418 0)
(0.219851 0.366527 0)
(0.304959 0.356269 0)
(0.387266 0.342739 0)
(0.466017 0.32606 0)
(0.540486 0.306387 0)
(0.609992 0.2839 0)
(0.673895 0.258805 0)
(0.731608 0.231333 0)
(0.782601 0.201737 0)
(0.826406 0.170287 0)
(0.862621 0.137273 0)
(0.890913 0.102999 0)
(0.911022 0.0677781 0)
(0.922763 0.0319349 0)
(0.926028 -0.00420153 0)
(0.920788 -0.0402994 0)
(0.907091 -0.0760271 0)
(0.885062 -0.111057 0)
(0.854904 -0.145066 0)
(0.816894 -0.177743 0)
(0.771381 -0.208787 0)
(0.718782 -0.237914 0)
(0.659582 -0.264855 0)
(0.594323 -0.289364 0)
(0.523606 -0.311215 0)
(0.448079 -0.330208 0)
(0.368437 -0.346167 0)
(0.285411 -0.358948 0)
(0.199763 -0.368431 0)
(0.11228 -0.37453 0)
(0.0237664 -0.377189 0)
(-0.0649657 -0.376384 0)
(-0.153101 -0.372122 0)
(-0.23983 -0.364441 0)
(-0.324357 -0.353414 0)
(-0.405904 -0.33914 0)
(-0.483723 -0.321751 0)
(-0.557099 -0.301407 0)
(-0.625358 -0.278295 0)
(-0.687873 -0.252627 0)
(-0.744071 -0.224638 0)
(-0.793434 -0.194586 0)
(-0.835509 -0.162747 0)
(-0.86991 -0.129412 0)
(-0.896322 -0.0948897 0)
(-0.9145 -0.0594954 0)
(-0.924279 -0.0235546 0)
(-0.925569 0.0126025 0)
(-0.918357 0.0486439 0)
(-0.902711 0.0842385 0)
(-0.878773 0.119059 0)
(-0.846763 0.152787 0)
(-0.806976 0.185111 0)
(-0.759777 0.215734 0)
(-0.7056 0.244377 0)
(-0.644942 0.270774 0)
(-0.57836 0.294685 0)
(-0.506465 0.315889 0)
(-0.429919 0.334191 0)
(-0.349425 0.349425 0)
(-0.26572 0.361448 0)
(-0.179575 0.370152 0)
(-0.0917812 0.375456 0)
(0.0459041 0.286599 0)
(0.137291 0.283966 0)
(0.227416 0.278726 0)
(0.315453 0.270925 0)
(0.400592 0.260636 0)
(0.482052 0.247953 0)
(0.559084 0.232993 0)
(0.630982 0.215892 0)
(0.697083 0.196809 0)
(0.756782 0.175918 0)
(0.80953 0.153411 0)
(0.854843 0.129495 0)
(0.892304 0.10439 0)
(0.921569 0.0783255 0)
(0.94237 0.0515419 0)
(0.954515 0.024285 0)
(0.957893 -0.00319506 0)
(0.952472 -0.0306457 0)
(0.938304 -0.0578149 0)
(0.915517 -0.0844531 0)
(0.884321 -0.110316 0)
(0.845003 -0.135165 0)
(0.797924 -0.158773 0)
(0.743515 -0.180922 0)
(0.682278 -0.20141 0)
(0.614774 -0.220047 0)
(0.541623 -0.236664 0)
(0.463497 -0.251107 0)
(0.381115 -0.263243 0)
(0.295231 -0.272962 0)
(0.206637 -0.280174 0)
(0.116144 -0.284812 0)
(0.0245842 -0.286834 0)
(-0.0672012 -0.286222 0)
(-0.158369 -0.28298 0)
(-0.248083 -0.27714 0)
(-0.335518 -0.268754 0)
(-0.419871 -0.257899 0)
(-0.500368 -0.244676 0)
(-0.576269 -0.229206 0)
(-0.646877 -0.21163 0)
(-0.711543 -0.19211 0)
(-0.769674 -0.170826 0)
(-0.820736 -0.147973 0)
(-0.864259 -0.123761 0)
(-0.899844 -0.0984119 0)
(-0.927164 -0.072159 0)
(-0.945968 -0.0452434 0)
(-0.956084 -0.0179121 0)
(-0.957418 0.00958358 0)
(-0.949958 0.0369913 0)
(-0.933773 0.0640592 0)
(-0.909011 0.0905388 0)
(-0.8759 0.116187 0)
(-0.834744 0.140768 0)
(-0.785921 0.164055 0)
(-0.729879 0.185836 0)
(-0.667134 0.205911 0)
(-0.598261 0.224093 0)
(-0.523893 0.240218 0)
(-0.444713 0.254136 0)
(-0.361448 0.26572 0)
(-0.274864 0.274864 0)
(-0.185755 0.281482 0)
(-0.0949394 0.285516 0)
(0.0470095 0.193685 0)
(0.140597 0.191906 0)
(0.232892 0.188365 0)
(0.323049 0.183093 0)
(0.410239 0.176139 0)
(0.49366 0.167568 0)
(0.572547 0.157458 0)
(0.646176 0.145901 0)
(0.713869 0.133005 0)
(0.775006 0.118886 0)
(0.829024 0.103676 0)
(0.875428 0.0875135 0)
(0.913791 0.0705471 0)
(0.943761 0.0529328 0)
(0.965062 0.0348323 0)
(0.9775 0.0164119 0)
(0.980959 -0.00215924 0)
(0.975408 -0.0207106 0)
(0.960898 -0.0390717 0)
(0.937563 -0.0570739 0)
(0.905616 -0.0745519 0)
(0.865351 -0.0913452 0)
(0.817138 -0.107299 0)
(0.761419 -0.122268 0)
(0.698707 -0.136114 0)
(0.629578 -0.148709 0)
(0.554665 -0.159939 0)
(0.474658 -0.1697 0)
(0.390292 -0.177902 0)
(0.302341 -0.18447 0)
(0.211612 -0.189343 0)
(0.118941 -0.192478 0)
(0.0251762 -0.193844 0)
(-0.0688194 -0.19343 0)
(-0.162183 -0.19124 0)
(-0.254057 -0.187293 0)
(-0.343597 -0.181626 0)
(-0.429982 -0.17429 0)
(-0.512417 -0.165354 0)
(-0.590145 -0.154899 0)
(-0.662454 -0.143021 0)
(-0.728677 -0.129829 0)
(-0.788208 -0.115445 0)
(-0.840499 -0.100001 0)
(-0.88507 -0.0836384 0)
(-0.921512 -0.0665074 0)
(-0.94949 -0.0487655 0)
(-0.968747 -0.0305757 0)
(-0.979106 -0.0121051 0)
(-0.980472 0.00647665 0)
(-0.972833 0.0249989 0)
(-0.956258 0.0432916 0)
(-0.9309 0.0611867 0)
(-0.896992 0.0785197 0)
(-0.854845 0.0951316 0)
(-0.804846 0.11087 0)
(-0.747455 0.125589 0)
(-0.683199 0.139156 0)
(-0.612667 0.151444 0)
(-0.536508 0.162341 0)
(-0.455422 0.171747 0)
(-0.370152 0.179575 0)
(-0.281482 0.185755 0)
(-0.190228 0.190228 0)
(-0.0972255 0.192953 0)
(0.0476831 0.0989928 0)
(0.142611 0.0980835 0)
(0.236229 0.0962734 0)
(0.327678 0.093579 0)
(0.416117 0.0900251 0)
(0.500734 0.0856443 0)
(0.580751 0.0804769 0)
(0.655435 0.0745703 0)
(0.724098 0.0679788 0)
(0.786111 0.0607629 0)
(0.840903 0.0529889 0)
(0.887972 0.0447282 0)
(0.926884 0.0360567 0)
(0.957284 0.027054 0)
(0.978891 0.0178029 0)
(0.991506 0.00838815 0)
(0.995015 -0.00110359 0)
(0.989385 -0.0105852 0)
(0.974667 -0.0199696 0)
(0.950997 -0.0291705 0)
(0.918592 -0.0381036 0)
(0.877751 -0.0466866 0)
(0.828847 -0.0548409 0)
(0.77233 -0.0624914 0)
(0.708719 -0.069568 0)
(0.638599 -0.0760055 0)
(0.562613 -0.081745 0)
(0.48146 -0.0867337 0)
(0.395885 -0.0909257 0)
(0.306673 -0.0942826 0)
(0.214645 -0.0967735 0)
(0.120645 -0.0983755 0)
(0.025537 -0.099074 0)
(-0.0698055 -0.0988624 0)
(-0.164507 -0.0977429 0)
(-0.257697 -0.0957256 0)
(-0.348521 -0.092829 0)
(-0.436143 -0.0890798 0)
(-0.519759 -0.0845125 0)
(-0.598602 -0.0791689 0)
(-0.671946 -0.0730981 0)
(-0.739118 -0.0663559 0)
(-0.799502 -0.0590043 0)
(-0.852543 -0.0511107 0)
(-0.897753 -0.0427477 0)
(-0.934717 -0.033992 0)
(-0.963096 -0.0249241 0)
(-0.982628 -0.0156273 0)
(-0.993136 -0.00618695 0)
(-0.994522 0.00331022 0)
(-0.986773 0.012777 0)
(-0.96996 0.0221264 0)
(-0.944239 0.0312726 0)
(-0.909845 0.0401315 0)
(-0.867094 0.0486219 0)
(-0.816379 0.0566656 0)
(-0.758165 0.0641889 0)
(-0.692988 0.0711226 0)
(-0.621446 0.0774031 0)
(-0.544196 0.0829726 0)
(-0.461947 0.08778 0)
(-0.375456 0.0917812 0)
(-0.285516 0.0949394 0)
(-0.192953 0.0972255 0)
(-0.0986187 0.0986187 0)
)
;

boundaryField
{
    upperBoundary
    {
        type            cyclic;
    }
    lowerBoundary
    {
        type            cyclic;
    }
    leftBoundary
    {
        type            cyclic;
    }
    rightBoundary
    {
        type            cyclic;
    }
    frontAndBack
    {
        type            empty;
    }
}


// ************************************************************************* //
